#Layer_Color=32768
#
#Feature symbol names
#
$0 r1.9685
$1 r3.937

#
#Feature attribute names
#

#
#Layer features
#
L 1.2738189 1.8315748 1.2738189 2.5077952 1 P 0
L 1.2738189 1.8315748 1.6315748 1.8315748 1 P 0
L 1.2738189 2.5077952 1.6315748 2.5077952 1 P 0
L 1.6315748 1.8315748 1.6315748 2.5077952 1 P 0
L 1.6604692 2.3084269 1.6604692 2.4304741 0 P 0
L 1.6604692 2.3084269 1.7195244 2.3084269 0 P 0
L 1.6604692 2.4304741 1.7195244 2.4304741 0 P 0
L 1.6604749 2.4753917 1.6604749 2.5935019 0 P 0
L 1.6604749 2.4753917 1.7195301 2.4753917 0 P 0
L 1.6604749 2.5935019 1.7195301 2.5935019 0 P 0
L 1.6781858 2.3694505 1.7018078 2.3694505 0 P 0
L 1.6781915 2.5344468 1.7018135 2.5344468 0 P 0
L 1.6899968 2.3576395 1.6899968 2.3812615 0 P 0
L 1.6900025 2.5226358 1.6900025 2.5462578 0 P 0
L 1.7195244 2.3084269 1.7195244 2.4304741 0 P 0
L 1.7195301 2.4753917 1.7195301 2.5935019 0 P 0
L 1.7654692 2.7895293 1.7654692 2.9115765 0 P 0
L 1.7654692 2.7895293 1.8245244 2.7895293 0 P 0
L 1.7654692 2.9115765 1.8245244 2.9115765 0 P 0
L 1.7704724 2.3439764 1.7704724 2.4660236 0 P 0
L 1.7704724 2.3439764 1.8295276 2.3439764 0 P 0
L 1.7704724 2.4660236 1.8295276 2.4660236 0 P 0
L 1.7831858 2.8505529 1.8068078 2.8505529 0 P 0
L 1.788189 2.405 1.811811 2.405 0 P 0
L 1.7949968 2.8387419 1.7949968 2.8623639 0 P 0
L 1.8 2.393189 1.8 2.416811 0 P 0
L 1.8245244 2.7895293 1.8245244 2.9115765 0 P 0
L 1.8295276 2.3439764 1.8295276 2.4660236 0 P 0
L 1.8620079 2.7820079 1.8620079 2.9079922 1 P 0
L 1.8620079 2.7820079 1.9879922 2.7820079 1 P 0
L 1.8620079 2.9079922 1.9879922 2.9079922 1 P 0
L 1.8659449 2.6554724 1.8659449 2.7145276 0 P 0
L 1.8659449 2.6554724 1.9840551 2.6554724 0 P 0
L 1.8659449 2.7145276 1.9840551 2.7145276 0 P 0
L 1.8664981 2.5844388 1.8664981 2.643494 0 P 0
L 1.8664981 2.5844388 1.9846083 2.5844388 0 P 0
L 1.8664981 2.643494 1.9846083 2.643494 0 P 0
L 1.905315 2.845 1.9446851 2.845 1 P 0
L 1.913189 2.685 1.936811 2.685 0 P 0
L 1.9137422 2.6139664 1.9373642 2.6139664 0 P 0
L 1.925 2.673189 1.925 2.696811 0 P 0
L 1.925 2.825315 1.925 2.8646851 1 P 0
L 1.9255532 2.6021554 1.9255532 2.6257774 0 P 0
L 1.9840551 2.6554724 1.9840551 2.7145276 0 P 0
L 1.9846083 2.5844388 1.9846083 2.643494 0 P 0
L 1.9879922 2.7820079 1.9879922 2.9079922 1 P 0
L 2.0104724 2.7839764 2.0104724 2.9060236 0 P 0
L 2.0104724 2.7839764 2.0695276 2.7839764 0 P 0
L 2.0104724 2.9060236 2.0695276 2.9060236 0 P 0
L 2.028189 2.845 2.051811 2.845 0 P 0
L 2.04 2.833189 2.04 2.856811 0 P 0
L 2.0695276 2.7839764 2.0695276 2.9060236 0 P 0
L 2.0704724 1.8259449 2.0704724 1.9440551 0 P 0
L 2.0704724 1.8259449 2.1295276 1.8259449 0 P 0
L 2.0704724 1.9440551 2.1295276 1.9440551 0 P 0
L 2.088189 1.885 2.111811 1.885 0 P 0
L 2.0954692 2.3484269 2.0954692 2.4704741 0 P 0
L 2.0954692 2.3484269 2.1545244 2.3484269 0 P 0
L 2.0954692 2.4704741 2.1545244 2.4704741 0 P 0
L 2.1 1.873189 2.1 1.896811 0 P 0
L 2.1131858 2.4094505 2.1368078 2.4094505 0 P 0
L 2.1249968 2.3976395 2.1249968 2.4212615 0 P 0
L 2.1295276 1.8259449 2.1295276 1.9440551 0 P 0
L 2.1501575 1.6140945 2.1501575 1.7259055 0 P 0
L 2.1501575 1.6140945 2.3698425 1.6140945 0 P 0
L 2.1501575 1.7259055 2.3698425 1.7259055 0 P 0
L 2.1504699 1.8253957 2.1504699 1.9435059 0 P 0
L 2.1504699 1.8253957 2.2095251 1.8253957 0 P 0
L 2.1504699 1.9435059 2.2095251 1.9435059 0 P 0
L 2.1545244 2.3484269 2.1545244 2.4704741 0 P 0
L 2.1681865 1.8844508 2.1918085 1.8844508 0 P 0
L 2.1799975 1.8726398 2.1799975 1.8962618 0 P 0
L 2.1875984 2.0125984 2.1875984 2.3374016 0 P 0
L 2.1875984 2.0125984 2.5124016 2.0125984 0 P 0
L 2.1875984 2.3374016 2.5124016 2.3374016 0 P 0
L 2.1939764 2.2104724 2.1939764 2.2695276 0 P 0
L 2.1939764 2.2104724 2.3160236 2.2104724 0 P 0
L 2.1939764 2.2695276 2.3160236 2.2695276 0 P 0
L 2.1943995 2.1444388 2.1943995 2.203494 0 P 0
L 2.1943995 2.1444388 2.3125097 2.1444388 0 P 0
L 2.1943995 2.203494 2.3125097 2.203494 0 P 0
L 2.2095251 1.8253957 2.2095251 1.9435059 0 P 0
L 2.2154724 2.0189764 2.2154724 2.1410236 0 P 0
L 2.2154724 2.0189764 2.2745276 2.0189764 0 P 0
L 2.2154724 2.1410236 2.2745276 2.1410236 0 P 0
L 2.233189 2.08 2.256811 2.08 0 P 0
L 2.2339764 2.8604724 2.2339764 2.9195276 0 P 0
L 2.2339764 2.8604724 2.3560236 2.8604724 0 P 0
L 2.2339764 2.9195276 2.3560236 2.9195276 0 P 0
L 2.2359449 2.7854724 2.2359449 2.8445276 0 P 0
L 2.2359449 2.7854724 2.3540551 2.7854724 0 P 0
L 2.2359449 2.8445276 2.3540551 2.8445276 0 P 0
L 2.2416436 2.1739664 2.2652656 2.1739664 0 P 0
L 2.243189 2.24 2.266811 2.24 0 P 0
L 2.245 2.068189 2.245 2.091811 0 P 0
L 2.2534546 2.1621554 2.2534546 2.1857774 0 P 0
L 2.255 2.228189 2.255 2.251811 0 P 0
L 2.2745276 2.0189764 2.2745276 2.1410236 0 P 0
L 2.283189 2.815 2.306811 2.815 0 P 0
L 2.283189 2.89 2.306811 2.89 0 P 0
L 2.2894388 2.0189764 2.2894388 2.1410236 0 P 0
L 2.2894388 2.0189764 2.348494 2.0189764 0 P 0
L 2.2894388 2.1410236 2.348494 2.1410236 0 P 0
L 2.295 2.803189 2.295 2.826811 0 P 0
L 2.295 2.878189 2.295 2.901811 0 P 0
L 2.3071554 2.08 2.3307774 2.08 0 P 0
L 2.3125097 2.1444388 2.3125097 2.203494 0 P 0
L 2.3160236 2.2104724 2.3160236 2.2695276 0 P 0
L 2.3189664 2.068189 2.3189664 2.091811 0 P 0
L 2.348494 2.0189764 2.348494 2.1410236 0 P 0
L 2.3540551 2.7854724 2.3540551 2.8445276 0 P 0
L 2.3560236 2.8604724 2.3560236 2.9195276 0 P 0
L 2.3604724 2.0189764 2.3604724 2.1410236 0 P 0
L 2.3604724 2.0189764 2.4195276 2.0189764 0 P 0
L 2.3604724 2.1410236 2.4195276 2.1410236 0 P 0
L 2.3698425 1.6140945 2.3698425 1.7259055 0 P 0
L 2.378189 2.08 2.401811 2.08 0 P 0
L 2.39 2.068189 2.39 2.091811 0 P 0
L 2.4195276 2.0189764 2.4195276 2.1410236 0 P 0
L 2.4203957 2.6154749 2.4203957 2.6745301 0 P 0
L 2.4203957 2.6154749 2.5385059 2.6154749 0 P 0
L 2.4203957 2.6745301 2.5385059 2.6745301 0 P 0
L 2.4209449 2.4654724 2.4209449 2.5245276 0 P 0
L 2.4209449 2.4654724 2.5390551 2.4654724 0 P 0
L 2.4209449 2.5245276 2.5390551 2.5245276 0 P 0
L 2.4209449 2.5404724 2.4209449 2.5995276 0 P 0
L 2.4209449 2.5404724 2.5390551 2.5404724 0 P 0
L 2.4209449 2.5995276 2.5390551 2.5995276 0 P 0
L 2.4209449 2.6904724 2.4209449 2.7495276 0 P 0
L 2.4209449 2.6904724 2.5390551 2.6904724 0 P 0
L 2.4209449 2.7495276 2.5390551 2.7495276 0 P 0
L 2.4554692 2.0795259 2.4554692 2.2015731 0 P 0
L 2.4554692 2.0795259 2.5145244 2.0795259 0 P 0
L 2.4554692 2.2015731 2.5145244 2.2015731 0 P 0
L 2.4676398 2.6450025 2.4912618 2.6450025 0 P 0
L 2.468189 2.495 2.491811 2.495 0 P 0
L 2.468189 2.57 2.491811 2.57 0 P 0
L 2.468189 2.72 2.491811 2.72 0 P 0
L 2.4731858 2.1405495 2.4968078 2.1405495 0 P 0
L 2.4794508 2.6331915 2.4794508 2.6568135 0 P 0
L 2.48 2.483189 2.48 2.506811 0 P 0
L 2.48 2.558189 2.48 2.581811 0 P 0
L 2.48 2.708189 2.48 2.731811 0 P 0
L 2.4849968 2.1287385 2.4849968 2.1523605 0 P 0
L 2.5124016 2.0125984 2.5124016 2.3374016 0 P 0
L 2.5145244 2.0795259 2.5145244 2.2015731 0 P 0
L 2.5385059 2.6154749 2.5385059 2.6745301 0 P 0
L 2.5390551 2.4654724 2.5390551 2.5245276 0 P 0
L 2.5390551 2.5404724 2.5390551 2.5995276 0 P 0
L 2.5390551 2.6904724 2.5390551 2.7495276 0 P 0
