#Layer_Color=8388736
#
#Feature symbol names
#
$0 r10
$1 r3.937

#
#Feature attribute names
#

#
#Layer features
#
L 1.3 1.3 1.3 3 0 P 0
L 1.3 1.3 3.3 1.3 0 P 0
L 1.3 3 3.3 3 0 P 0
L 1.6644119 2.4793287 1.6644119 2.5895649 1 P 0
L 1.6644119 2.4793287 1.7155931 2.4793287 1 P 0
L 1.6644119 2.5895649 1.7155931 2.5895649 1 P 0
L 1.6712992 2.335 1.6712992 2.4038976 1 P 0
L 1.6712992 2.335 1.7087008 2.335 1 P 0
L 1.6712992 2.4038976 1.7087008 2.4038976 1 P 0
L 1.7087008 2.335 1.7087008 2.4038976 1 P 0
L 1.7155931 2.4793287 1.7155931 2.5895649 1 P 0
L 1.7762992 2.8161024 1.7762992 2.885 1 P 0
L 1.7762992 2.8161024 1.8137008 2.8161024 1 P 0
L 1.7762992 2.885 1.8137008 2.885 1 P 0
L 1.7813024 2.3705495 1.7813024 2.4394471 1 P 0
L 1.7813024 2.3705495 1.818704 2.3705495 1 P 0
L 1.7813024 2.4394471 1.818704 2.4394471 1 P 0
L 1.8137008 2.8161024 1.8137008 2.885 1 P 0
L 1.818704 2.3705495 1.818704 2.4394471 1 P 0
L 1.8698819 2.6594094 1.8698819 2.7105906 1 P 0
L 1.8698819 2.6594094 1.9801181 2.6594094 1 P 0
L 1.8698819 2.7105906 1.9801181 2.7105906 1 P 0
L 1.8704351 2.5883758 1.8704351 2.639557 1 P 0
L 1.8704351 2.5883758 1.9806713 2.5883758 1 P 0
L 1.8704351 2.639557 1.9806713 2.639557 1 P 0
L 1.9801181 2.6594094 1.9801181 2.7105906 1 P 0
L 1.9806713 2.5883758 1.9806713 2.639557 1 P 0
L 2.0213024 2.8105495 2.0213024 2.8794471 1 P 0
L 2.0213024 2.8105495 2.058704 2.8105495 1 P 0
L 2.0213024 2.8794471 2.058704 2.8794471 1 P 0
L 2.058704 2.8105495 2.058704 2.8794471 1 P 0
L 2.0744094 1.8298819 2.0744094 1.9401181 1 P 0
L 2.0744094 1.8298819 2.1255906 1.8298819 1 P 0
L 2.0744094 1.9401181 2.1255906 1.9401181 1 P 0
L 2.1062992 2.375 2.1062992 2.4438976 1 P 0
L 2.1062992 2.375 2.1437008 2.375 1 P 0
L 2.1062992 2.4438976 2.1437008 2.4438976 1 P 0
L 2.1255906 1.8298819 2.1255906 1.9401181 1 P 0
L 2.1437008 2.375 2.1437008 2.4438976 1 P 0
L 2.1544069 1.8293327 2.1544069 1.9395689 1 P 0
L 2.1544069 1.8293327 2.2055881 1.8293327 1 P 0
L 2.1544069 1.9395689 2.2055881 1.9395689 1 P 0
L 2.1983365 2.1483758 2.1983365 2.199557 1 P 0
L 2.1983365 2.1483758 2.3085727 2.1483758 1 P 0
L 2.1983365 2.199557 2.3085727 2.199557 1 P 0
L 2.2055881 1.8293327 2.2055881 1.9395689 1 P 0
L 2.2205495 2.2213024 2.2205495 2.258704 1 P 0
L 2.2205495 2.2213024 2.2894471 2.2213024 1 P 0
L 2.2205495 2.258704 2.2894471 2.258704 1 P 0
L 2.226296 2.0455495 2.226296 2.1144471 1 P 0
L 2.226296 2.0455495 2.2636976 2.0455495 1 P 0
L 2.226296 2.1144471 2.2636976 2.1144471 1 P 0
L 2.2398819 2.7894094 2.2398819 2.8405906 1 P 0
L 2.2398819 2.7894094 2.3501181 2.7894094 1 P 0
L 2.2398819 2.8405906 2.3501181 2.8405906 1 P 0
L 2.2605529 2.8713024 2.2605529 2.908704 1 P 0
L 2.2605529 2.8713024 2.3294505 2.8713024 1 P 0
L 2.2605529 2.908704 2.3294505 2.908704 1 P 0
L 2.2636976 2.0455495 2.2636976 2.1144471 1 P 0
L 2.2894471 2.2213024 2.2894471 2.258704 1 P 0
L 2.3002624 2.0455495 2.3002624 2.1144471 1 P 0
L 2.3002624 2.0455495 2.337664 2.0455495 1 P 0
L 2.3002624 2.1144471 2.337664 2.1144471 1 P 0
L 2.3085727 2.1483758 2.3085727 2.199557 1 P 0
L 2.3294505 2.8713024 2.3294505 2.908704 1 P 0
L 2.337664 2.0455495 2.337664 2.1144471 1 P 0
L 2.3501181 2.7894094 2.3501181 2.8405906 1 P 0
L 2.371296 2.0455495 2.371296 2.1144471 1 P 0
L 2.371296 2.0455495 2.4086976 2.0455495 1 P 0
L 2.371296 2.1144471 2.4086976 2.1144471 1 P 0
L 2.4086976 2.0455495 2.4086976 2.1144471 1 P 0
L 2.4243327 2.6194119 2.4243327 2.6705931 1 P 0
L 2.4243327 2.6194119 2.5345689 2.6194119 1 P 0
L 2.4243327 2.6705931 2.5345689 2.6705931 1 P 0
L 2.4248819 2.4694094 2.4248819 2.5205906 1 P 0
L 2.4248819 2.4694094 2.5351181 2.4694094 1 P 0
L 2.4248819 2.5205906 2.5351181 2.5205906 1 P 0
L 2.4248819 2.5444094 2.4248819 2.5955906 1 P 0
L 2.4248819 2.5444094 2.5351181 2.5444094 1 P 0
L 2.4248819 2.5955906 2.5351181 2.5955906 1 P 0
L 2.4248819 2.6944094 2.4248819 2.7455906 1 P 0
L 2.4248819 2.6944094 2.5351181 2.6944094 1 P 0
L 2.4248819 2.7455906 2.5351181 2.7455906 1 P 0
L 2.4662992 2.1061024 2.4662992 2.175 1 P 0
L 2.4662992 2.1061024 2.5037008 2.1061024 1 P 0
L 2.4662992 2.175 2.5037008 2.175 1 P 0
L 2.5037008 2.1061024 2.5037008 2.175 1 P 0
L 2.5345689 2.6194119 2.5345689 2.6705931 1 P 0
L 2.5351181 2.4694094 2.5351181 2.5205906 1 P 0
L 2.5351181 2.5444094 2.5351181 2.5955906 1 P 0
L 2.5351181 2.6944094 2.5351181 2.7455906 1 P 0
L 3.3 1.3 3.3 3 0 P 0
