UNITS=MM
#Layer_Color=8388736
#
#Feature symbol names
#
$0 r254
$1 r99.9998

#
#Feature attribute names
#

#
#Layer features
#
A 25.9722239 29.20970282 29.21 25.9975223 29.21 29.2354 0 P 0 N
A 29.61994584 107.98872992 25.9987669 104.77611252 29.23443226 104.77611252 0 P 0 N
A 104.80029586 25.97222136 108.0128777 29.21 104.775 29.21 0 P 0 N
A 107.98983482 104.44017466 104.82604384 108.00631688 104.82604384 104.81982846 0 P 0 N
L 16.62699494 43.18199898 16.62699494 48.51200102 1 P 0
L 16.62699494 43.18199898 17.34199478 43.18199898 1 P 0
L 16.62699494 48.51200102 17.34199478 48.51200102 1 P 0
L 17.34199478 43.18199898 17.34199478 48.56200092 1 P 0
L 17.34199478 43.18199898 17.55299512 42.75299806 1 P 0
L 17.34199478 43.18199898 17.55299512 48.94100194 1 P 0
L 17.34199478 43.18199898 17.69099586 48.94100194 1 P 0
L 17.34199478 43.18199898 17.90199366 48.56200092 1 P 0
L 17.34199478 48.56200092 17.55299512 48.94100194 1 P 0
L 17.55299512 42.75299806 17.69099586 42.75299806 1 P 0
L 17.55299512 42.75299806 18.112994 48.94100194 1 P 0
L 17.55299512 48.94100194 17.69099586 48.94100194 1 P 0
L 17.69099586 42.75299806 17.90199366 43.13199908 1 P 0
L 17.69099586 42.75299806 18.25099474 48.94100194 1 P 0
L 17.69099586 48.94100194 17.90199366 48.56200092 1 P 0
L 17.90199366 43.13199908 18.112994 42.75299806 1 P 0
L 17.90199366 43.13199908 18.46199508 48.56200092 1 P 0
L 17.90199366 48.56200092 18.112994 48.94100194 1 P 0
L 18.112994 42.75299806 18.25099474 42.75299806 1 P 0
L 18.112994 42.75299806 18.67299542 48.94100194 1 P 0
L 18.112994 48.94100194 18.25099474 48.94100194 1 P 0
L 18.25099474 42.75299806 18.46199508 43.13199908 1 P 0
L 18.25099474 42.75299806 18.81099616 48.94100194 1 P 0
L 18.25099474 48.94100194 18.46199508 48.56200092 1 P 0
L 18.46199508 43.13199908 18.67299542 42.75299806 1 P 0
L 18.46199508 43.13199908 19.0219965 48.56200092 1 P 0
L 18.46199508 48.56200092 18.67299542 48.94100194 1 P 0
L 18.67299542 42.75299806 18.81099616 42.75299806 1 P 0
L 18.67299542 42.75299806 19.23299684 48.94100194 1 P 0
L 18.67299542 48.94100194 18.81099616 48.94100194 1 P 0
L 18.81099616 42.75299806 19.0219965 43.13199908 1 P 0
L 18.81099616 42.75299806 19.37099504 48.94100194 1 P 0
L 18.81099616 48.94100194 19.0219965 48.56200092 1 P 0
L 19.0219965 43.13199908 19.23299684 42.75299806 1 P 0
L 19.0219965 43.13199908 19.58199538 48.56200092 1 P 0
L 19.0219965 48.56200092 19.23299684 48.94100194 1 P 0
L 19.23299684 42.75299806 19.37099504 42.75299806 1 P 0
L 19.23299684 42.75299806 19.79299572 48.94100194 1 P 0
L 19.23299684 48.94100194 19.37099504 48.94100194 1 P 0
L 19.37099504 42.75299806 19.58199538 43.13199908 1 P 0
L 19.37099504 42.75299806 19.93099646 48.94100194 1 P 0
L 19.37099504 48.94100194 19.58199538 48.56200092 1 P 0
L 19.58199538 43.13199908 19.79299572 42.75299806 1 P 0
L 19.58199538 43.13199908 20.1419968 48.56200092 1 P 0
L 19.58199538 48.56200092 19.79299572 48.94100194 1 P 0
L 19.79299572 42.75299806 19.93099646 42.75299806 1 P 0
L 19.79299572 42.75299806 20.35299714 48.94100194 1 P 0
L 19.79299572 48.94100194 19.93099646 48.94100194 1 P 0
L 19.93099646 42.75299806 20.1419968 43.13199908 1 P 0
L 19.93099646 42.75299806 20.49099534 48.94100194 1 P 0
L 19.93099646 48.94100194 20.1419968 48.56200092 1 P 0
L 20.1419968 43.13199908 20.35299714 42.75299806 1 P 0
L 20.1419968 43.13199908 20.70199568 48.56200092 1 P 0
L 20.1419968 48.56200092 20.35299714 48.94100194 1 P 0
L 20.35299714 42.75299806 20.49099534 42.75299806 1 P 0
L 20.35299714 42.75299806 20.91299602 48.94100194 1 P 0
L 20.35299714 48.94100194 20.49099534 48.94100194 1 P 0
L 20.49099534 42.75299806 20.70199568 43.13199908 1 P 0
L 20.49099534 42.75299806 21.05099676 48.94100194 1 P 0
L 20.49099534 48.94100194 20.70199568 48.56200092 1 P 0
L 20.70199568 43.13199908 20.91299602 42.75299806 1 P 0
L 20.70199568 43.13199908 21.2619971 48.5596946 1 P 0
L 20.70199568 48.56200092 20.91299602 48.94100194 1 P 0
L 20.91299602 42.75299806 21.05099676 42.75299806 1 P 0
L 20.91299602 42.75299806 21.2619971 48.5596946 1 P 0
L 20.91299602 48.94100194 21.05099676 48.94100194 1 P 0
L 21.05099676 42.75299806 21.2619971 43.13199908 1 P 0
L 21.05099676 42.75299806 21.2619971 48.51199594 1 P 0
L 21.05099676 48.94100194 21.2619971 48.5596946 1 P 0
L 21.2619971 43.13199908 21.2619971 48.5596946 1 P 0
L 21.2619971 43.18199898 21.63699762 43.3937283 1 P 0
L 21.2619971 48.51199594 21.63699762 48.2943916 1 P 0
L 21.63699762 43.39372322 21.63699762 48.2943916 1 P 0
L 21.63699762 43.3937283 24.5069995 43.3937283 1 P 0
L 21.63699762 48.2943916 24.5069995 48.2943916 1 P 0
L 24.5069995 41.08699682 24.5069995 50.60700318 1 P 0
L 24.5069995 41.08699682 30.90700194 41.08699682 1 P 0
L 24.5069995 50.60700318 30.90700194 50.60700318 1 P 0
L 25.98414666 29.20970028 25.99999372 104.7767907 0 P 0
L 26.15699874 41.08699682 26.15699874 45.847 1 P 0
L 26.15699874 42.10699732 30.90700194 42.10699732 1 P 0
L 26.15699874 45.59571018 28.067 45.59571018 1 P 0
L 26.15699874 45.847 26.15699874 50.60700318 1 P 0
L 26.15699874 45.847 32.18200066 45.847 1 P 0
L 26.15699874 46.09828982 28.067 46.09828982 1 P 0
L 26.15699874 49.58700268 30.90700194 49.58700268 1 P 0
L 28.067 45.59571018 28.067 46.09828982 1 P 0
L 28.64099936 67.5260016 28.64099936 70.92599988 1 P 0
L 28.64099936 67.5260016 30.54100064 67.5260016 1 P 0
L 28.64099936 70.92599988 30.54100064 70.92599988 1 P 0
L 29.0969573 91.7269184 29.0969573 92.67691904 1 P 0
L 29.0969573 91.7269184 30.84695634 91.7269184 1 P 0
L 29.0969573 92.67691904 30.84695634 92.67691904 1 P 0
L 29.1084 108.0008 104.82552568 108.01288532 0 P 0
L 29.21 25.9975223 104.80029586 25.97222136 0 P 0
L 29.37008096 64.4029573 29.37008096 66.15295634 1 P 0
L 29.37008096 64.4029573 30.3200816 64.4029573 1 P 0
L 29.37008096 66.15295634 30.3200816 66.15295634 1 P 0
L 29.62009316 107.98994404 29.62117266 107.9898145 0 P 0
L 29.96900026 56.37299876 29.96900026 57.67300124 1 P 0
L 29.96900026 56.37299876 32.76899974 56.37299876 1 P 0
L 29.96900026 57.67300124 32.76899974 57.67300124 1 P 0
L 29.96900026 59.92899876 29.96900026 61.22900124 1 P 0
L 29.96900026 59.92899876 32.76899974 59.92899876 1 P 0
L 29.96900026 61.22900124 32.76899974 61.22900124 1 P 0
L 30.3200816 64.4029573 30.3200816 66.15295634 1 P 0
L 30.49404366 52.99208096 30.49404366 53.9420816 1 P 0
L 30.49404366 52.99208096 32.2440427 52.99208096 1 P 0
L 30.49404366 53.9420816 32.2440427 53.9420816 1 P 0
L 30.49404366 54.77008096 30.49404366 55.7200816 1 P 0
L 30.49404366 54.77008096 32.2440427 54.77008096 1 P 0
L 30.49404366 55.7200816 32.2440427 55.7200816 1 P 0
L 30.49404366 58.32608096 30.49404366 59.2760816 1 P 0
L 30.49404366 58.32608096 32.2440427 58.32608096 1 P 0
L 30.49404366 59.2760816 32.2440427 59.2760816 1 P 0
L 30.54100064 67.5260016 30.54100064 70.92599988 1 P 0
L 30.84695634 91.7269184 30.84695634 92.67691904 1 P 0
L 30.90700194 41.08699682 30.90700194 42.10699732 1 P 0
L 30.90700194 49.58700268 30.90700194 50.60700318 1 P 0
L 30.92699936 67.5260016 30.92699936 70.92599988 1 P 0
L 30.92699936 67.5260016 32.82700064 67.5260016 1 P 0
L 30.92699936 70.92599988 32.82700064 70.92599988 1 P 0
L 30.98500026 73.64499876 30.98500026 74.94500124 1 P 0
L 30.98500026 73.64499876 33.78499974 73.64499876 1 P 0
L 30.98500026 74.94500124 33.78499974 74.94500124 1 P 0
L 30.99894994 71.86693526 30.99894994 73.16693774 1 P 0
L 30.99894994 71.86693526 33.79894942 71.86693526 1 P 0
L 30.99894994 73.16693774 33.79894942 73.16693774 1 P 0
L 31.14808096 64.4029573 31.14808096 66.15295634 1 P 0
L 31.14808096 64.4029573 32.0980816 64.4029573 1 P 0
L 31.14808096 66.15295634 32.0980816 66.15295634 1 P 0
L 32.0980816 64.4029573 32.0980816 66.15295634 1 P 0
L 32.2440427 52.99208096 32.2440427 53.9420816 1 P 0
L 32.2440427 54.77008096 32.2440427 55.7200816 1 P 0
L 32.2440427 58.32608096 32.2440427 59.2760816 1 P 0
L 32.76899974 56.37299876 32.76899974 57.67300124 1 P 0
L 32.76899974 59.92899876 32.76899974 61.22900124 1 P 0
L 32.82700064 67.5260016 32.82700064 70.92599988 1 P 0
L 32.90405154 75.55006226 32.90405154 76.85006474 1 P 0
L 32.90405154 75.55006226 35.70405102 75.55006226 1 P 0
L 32.90405154 76.85006474 35.70405102 76.85006474 1 P 0
L 33.00499876 91.56400026 33.00499876 94.36399974 1 P 0
L 33.00499876 91.56400026 34.30500124 91.56400026 1 P 0
L 33.00499876 94.36399974 34.30500124 94.36399974 1 P 0
L 33.401 77.37599968 33.401 78.32600032 1 P 0
L 33.401 77.37599968 35.15099904 77.37599968 1 P 0
L 33.401 78.32600032 35.15099904 78.32600032 1 P 0
L 33.78499974 73.64499876 33.78499974 74.94500124 1 P 0
L 33.79894942 71.86693526 33.79894942 73.16693774 1 P 0
L 34.30500124 91.56400026 34.30500124 94.36399974 1 P 0
L 34.65599876 87.75400026 34.65599876 90.55399974 1 P 0
L 34.65599876 87.75400026 35.95600124 87.75400026 1 P 0
L 34.65599876 90.55399974 35.95600124 90.55399974 1 P 0
L 34.65599876 94.35800026 34.65599876 97.15799974 1 P 0
L 34.65599876 94.35800026 35.95600124 94.35800026 1 P 0
L 34.65599876 97.15799974 35.95600124 97.15799974 1 P 0
L 34.80905154 60.43706226 34.80905154 61.73706474 1 P 0
L 34.80905154 60.43706226 37.60905102 60.43706226 1 P 0
L 34.80905154 61.73706474 37.60905102 61.73706474 1 P 0
L 34.80905154 62.46906226 34.80905154 63.76906474 1 P 0
L 34.80905154 62.46906226 37.60905102 62.46906226 1 P 0
L 34.80905154 63.76906474 37.60905102 63.76906474 1 P 0
L 34.81204366 49.81708096 34.81204366 50.7670816 1 P 0
L 34.81204366 49.81708096 36.5620427 49.81708096 1 P 0
L 34.81204366 50.7670816 36.5620427 50.7670816 1 P 0
L 34.95799968 72.517 34.95799968 74.26699904 1 P 0
L 34.95799968 72.517 35.90800032 72.517 1 P 0
L 34.95799968 74.26699904 35.90800032 74.26699904 1 P 0
L 35.15099904 77.37599968 35.15099904 78.32600032 1 P 0
L 35.33400096 66.07299968 35.33400096 67.02300032 1 P 0
L 35.33400096 66.07299968 37.084 66.07299968 1 P 0
L 35.33400096 67.02300032 37.084 67.02300032 1 P 0
L 35.70405102 75.55006226 35.70405102 76.85006474 1 P 0
L 35.90800032 72.517 35.90800032 74.26699904 1 P 0
L 35.95600124 87.75400026 35.95600124 90.55399974 1 P 0
L 35.95600124 94.35800026 35.95600124 97.15799974 1 P 0
L 36.48208096 88.2789573 36.48208096 90.02895634 1 P 0
L 36.48208096 88.2789573 37.4320816 88.2789573 1 P 0
L 36.48208096 90.02895634 37.4320816 90.02895634 1 P 0
L 36.5620427 49.81708096 36.5620427 50.7670816 1 P 0
L 36.86299968 77.37100096 36.86299968 79.121 1 P 0
L 36.86299968 77.37100096 37.81300032 77.37100096 1 P 0
L 36.86299968 79.121 37.81300032 79.121 1 P 0
L 37.084 66.07299968 37.084 67.02300032 1 P 0
L 37.4320816 88.2789573 37.4320816 90.02895634 1 P 0
L 37.60905102 60.43706226 37.60905102 61.73706474 1 P 0
L 37.60905102 62.46906226 37.60905102 63.76906474 1 P 0
L 37.81300032 77.37100096 37.81300032 79.121 1 P 0
L 38.64099968 77.343 38.64099968 79.09299904 1 P 0
L 38.64099968 77.343 39.59100032 77.343 1 P 0
L 38.64099968 79.09299904 39.59100032 79.09299904 1 P 0
L 38.7489573 48.0389184 38.7489573 48.98891904 1 P 0
L 38.7489573 48.0389184 40.49895634 48.0389184 1 P 0
L 38.7489573 48.98891904 40.49895634 48.98891904 1 P 0
L 38.7489573 49.8169184 38.7489573 50.76691904 1 P 0
L 38.7489573 49.8169184 40.49895634 49.8169184 1 P 0
L 38.7489573 50.76691904 40.49895634 50.76691904 1 P 0
L 39.24000026 40.75199876 39.24000026 42.05200124 1 P 0
L 39.24000026 40.75199876 42.03999974 40.75199876 1 P 0
L 39.24000026 42.05200124 42.03999974 42.05200124 1 P 0
L 39.24000026 46.08599876 39.24000026 47.38600124 1 P 0
L 39.24000026 46.08599876 42.03999974 46.08599876 1 P 0
L 39.24000026 47.38600124 42.03999974 47.38600124 1 P 0
L 39.59100032 77.343 39.59100032 79.09299904 1 P 0
L 39.7649573 42.7049184 39.7649573 43.65491904 1 P 0
L 39.7649573 42.7049184 41.51495634 42.7049184 1 P 0
L 39.7649573 43.65491904 41.51495634 43.65491904 1 P 0
L 39.7649573 44.4829184 39.7649573 45.43291904 1 P 0
L 39.7649573 44.4829184 41.51495634 44.4829184 1 P 0
L 39.7649573 45.43291904 41.51495634 45.43291904 1 P 0
L 40.49895634 48.0389184 40.49895634 48.98891904 1 P 0
L 40.49895634 49.8169184 40.49895634 50.76691904 1 P 0
L 41.51495634 42.7049184 41.51495634 43.65491904 1 P 0
L 41.51495634 44.4829184 41.51495634 45.43291904 1 P 0
L 41.52600026 80.37599876 41.52600026 81.67600124 1 P 0
L 41.52600026 80.37599876 44.32599974 80.37599876 1 P 0
L 41.52600026 81.67600124 44.32599974 81.67600124 1 P 0
L 42.03999974 40.75199876 42.03999974 42.05200124 1 P 0
L 42.03999974 46.08599876 42.03999974 47.38600124 1 P 0
L 42.04995654 82.56991868 42.04995654 83.51991932 1 P 0
L 42.04995654 82.56991868 43.79995558 82.56991868 1 P 0
L 42.04995654 83.51991932 43.79995558 83.51991932 1 P 0
L 42.0500429 88.92008124 42.0500429 89.87008188 1 P 0
L 42.0500429 88.92008124 43.80004194 88.92008124 1 P 0
L 42.0500429 89.87008188 43.80004194 89.87008188 1 P 0
L 42.06500096 76.99499968 42.06500096 77.94500032 1 P 0
L 42.06500096 76.99499968 43.815 76.99499968 1 P 0
L 42.06500096 77.94500032 43.815 77.94500032 1 P 0
L 42.06500096 78.77299968 42.06500096 79.72300032 1 P 0
L 42.06500096 78.77299968 43.815 78.77299968 1 P 0
L 42.06500096 79.72300032 43.815 79.72300032 1 P 0
L 42.8319184 65.5459573 42.8319184 67.29595634 1 P 0
L 42.8319184 65.5459573 43.78191904 65.5459573 1 P 0
L 42.8319184 67.29595634 43.78191904 67.29595634 1 P 0
L 43.78191904 65.5459573 43.78191904 67.29595634 1 P 0
L 43.79995558 82.56991868 43.79995558 83.51991932 1 P 0
L 43.80004194 88.92008124 43.80004194 89.87008188 1 P 0
L 43.815 76.99499968 43.815 77.94500032 1 P 0
L 43.815 78.77299968 43.815 79.72300032 1 P 0
L 44.32599974 80.37599876 44.32599974 81.67600124 1 P 0
L 44.4829184 65.5459573 44.4829184 67.29595634 1 P 0
L 44.4829184 65.5459573 45.43291904 65.5459573 1 P 0
L 44.4829184 67.29595634 45.43291904 67.29595634 1 P 0
L 44.58794994 56.62693526 44.58794994 57.92693774 1 P 0
L 44.58794994 56.62693526 47.38794942 56.62693526 1 P 0
L 44.58794994 57.92693774 47.38794942 57.92693774 1 P 0
L 44.86408096 51.8299573 44.86408096 53.57995634 1 P 0
L 44.86408096 51.8299573 45.8140816 51.8299573 1 P 0
L 44.86408096 53.57995634 45.8140816 53.57995634 1 P 0
L 45.085 58.57999968 45.085 59.53000032 1 P 0
L 45.085 58.57999968 46.83499904 58.57999968 1 P 0
L 45.085 59.53000032 46.83499904 59.53000032 1 P 0
L 45.11300096 55.02399968 45.11300096 55.97400032 1 P 0
L 45.11300096 55.02399968 46.863 55.02399968 1 P 0
L 45.11300096 55.97400032 46.863 55.97400032 1 P 0
L 45.43291904 65.5459573 45.43291904 67.29595634 1 P 0
L 45.8140816 51.8299573 45.8140816 53.57995634 1 P 0
L 46.0069184 61.6089573 46.0069184 63.35895634 1 P 0
L 46.0069184 61.6089573 46.95691904 61.6089573 1 P 0
L 46.0069184 63.35895634 46.95691904 63.35895634 1 P 0
L 46.83499904 58.57999968 46.83499904 59.53000032 1 P 0
L 46.863 55.02399968 46.863 55.97400032 1 P 0
L 46.95691904 61.6089573 46.95691904 63.35895634 1 P 0
L 47.38794942 56.62693526 47.38794942 57.92693774 1 P 0
L 54.63800096 39.65699968 54.63800096 40.60700032 1 P 0
L 54.63800096 39.65699968 56.388 39.65699968 1 P 0
L 54.63800096 40.60700032 56.388 40.60700032 1 P 0
L 54.63800096 93.12399968 54.63800096 94.07400032 1 P 0
L 54.63800096 93.12399968 56.388 93.12399968 1 P 0
L 54.63800096 94.07400032 56.388 94.07400032 1 P 0
L 56.388 39.65699968 56.388 40.60700032 1 P 0
L 56.388 93.12399968 56.388 94.07400032 1 P 0
L 57.0369573 64.93008096 57.0369573 65.8800816 1 P 0
L 57.0369573 64.93008096 58.78695634 64.93008096 1 P 0
L 57.0369573 65.8800816 58.78695634 65.8800816 1 P 0
L 57.0369573 66.70808096 57.0369573 67.6580816 1 P 0
L 57.0369573 66.70808096 58.78695634 66.70808096 1 P 0
L 57.0369573 67.6580816 58.78695634 67.6580816 1 P 0
L 57.0369573 76.86808096 57.0369573 77.8180816 1 P 0
L 57.0369573 76.86808096 58.78695634 76.86808096 1 P 0
L 57.0369573 77.8180816 58.78695634 77.8180816 1 P 0
L 57.05608096 58.68804366 57.05608096 60.4380427 1 P 0
L 57.05608096 58.68804366 58.0060816 58.68804366 1 P 0
L 57.05608096 60.4380427 58.0060816 60.4380427 1 P 0
L 57.94508096 42.3049573 57.94508096 44.05495634 1 P 0
L 57.94508096 42.3049573 58.8950816 42.3049573 1 P 0
L 57.94508096 44.05495634 58.8950816 44.05495634 1 P 0
L 57.94508096 89.4219573 57.94508096 91.17195634 1 P 0
L 57.94508096 89.4219573 58.8950816 89.4219573 1 P 0
L 57.94508096 91.17195634 58.8950816 91.17195634 1 P 0
L 58.0060816 58.68804366 58.0060816 60.4380427 1 P 0
L 58.78695634 64.93008096 58.78695634 65.8800816 1 P 0
L 58.78695634 66.70808096 58.78695634 67.6580816 1 P 0
L 58.78695634 76.86808096 58.78695634 77.8180816 1 P 0
L 58.8950816 42.3049573 58.8950816 44.05495634 1 P 0
L 58.8950816 89.4219573 58.8950816 91.17195634 1 P 0
L 60.10408096 58.68804366 60.10408096 60.4380427 1 P 0
L 60.10408096 58.68804366 61.0540816 58.68804366 1 P 0
L 60.10408096 60.4380427 61.0540816 60.4380427 1 P 0
L 61.0540816 58.68804366 61.0540816 60.4380427 1 P 0
L 62.00908096 76.97604366 62.00908096 78.7260427 1 P 0
L 62.00908096 76.97604366 62.9590816 76.97604366 1 P 0
L 62.00908096 78.7260427 62.9590816 78.7260427 1 P 0
L 62.9590816 76.97604366 62.9590816 78.7260427 1 P 0
L 63.11600026 54.84899876 63.11600026 56.14900124 1 P 0
L 63.11600026 54.84899876 65.91599974 54.84899876 1 P 0
L 63.11600026 56.14900124 65.91599974 56.14900124 1 P 0
L 63.37000026 86.34499876 63.37000026 87.64500124 1 P 0
L 63.37000026 86.34499876 66.16999974 86.34499876 1 P 0
L 63.37000026 87.64500124 66.16999974 87.64500124 1 P 0
L 63.6409573 56.8019184 63.6409573 57.75191904 1 P 0
L 63.6409573 56.8019184 65.39095634 56.8019184 1 P 0
L 63.6409573 57.75191904 65.39095634 57.75191904 1 P 0
L 63.8949573 84.6149184 63.8949573 85.56491904 1 P 0
L 63.8949573 84.6149184 65.64495634 84.6149184 1 P 0
L 63.8949573 85.56491904 65.64495634 85.56491904 1 P 0
L 65.39095634 56.8019184 65.39095634 57.75191904 1 P 0
L 65.56508096 58.56104366 65.56508096 60.3110427 1 P 0
L 65.56508096 58.56104366 66.5150816 58.56104366 1 P 0
L 65.56508096 60.3110427 66.5150816 60.3110427 1 P 0
L 65.64495634 84.6149184 65.64495634 85.56491904 1 P 0
L 65.91599974 54.84899876 65.91599974 56.14900124 1 P 0
L 66.07308096 76.97604366 66.07308096 78.7260427 1 P 0
L 66.07308096 76.97604366 67.0230816 76.97604366 1 P 0
L 66.07308096 78.7260427 67.0230816 78.7260427 1 P 0
L 66.16999974 86.34499876 66.16999974 87.64500124 1 P 0
L 66.5150816 58.56104366 66.5150816 60.3110427 1 P 0
L 67.0230816 76.97604366 67.0230816 78.7260427 1 P 0
L 70.75304366 68.9939184 70.75304366 69.94391904 1 P 0
L 70.75304366 68.9939184 72.5030427 68.9939184 1 P 0
L 70.75304366 69.94391904 72.5030427 69.94391904 1 P 0
L 70.75304366 70.8989184 70.75304366 71.84891904 1 P 0
L 70.75304366 70.8989184 72.5030427 70.8989184 1 P 0
L 70.75304366 71.84891904 72.5030427 71.84891904 1 P 0
L 70.75304366 75.3439184 70.75304366 76.29391904 1 P 0
L 70.75304366 75.3439184 72.5030427 75.3439184 1 P 0
L 70.75304366 76.29391904 72.5030427 76.29391904 1 P 0
L 71.67580026 54.16319876 71.67580026 55.46320124 1 P 0
L 71.67580026 54.16319876 74.47579974 54.16319876 1 P 0
L 71.67580026 55.46320124 74.47579974 55.46320124 1 P 0
L 72.0419184 81.9289573 72.0419184 83.67895634 1 P 0
L 72.0419184 81.9289573 72.99191904 81.9289573 1 P 0
L 72.0419184 83.67895634 72.99191904 83.67895634 1 P 0
L 72.5030427 68.9939184 72.5030427 69.94391904 1 P 0
L 72.5030427 70.8989184 72.5030427 71.84891904 1 P 0
L 72.5030427 75.3439184 72.5030427 76.29391904 1 P 0
L 72.99191904 81.9289573 72.99191904 83.67895634 1 P 0
L 73.08674994 46.31453526 73.08674994 47.61453774 1 P 0
L 73.08674994 46.31453526 75.88674942 46.31453526 1 P 0
L 73.08674994 47.61453774 75.88674942 47.61453774 1 P 0
L 73.19980026 42.17439876 73.19980026 43.47440124 1 P 0
L 73.19980026 42.17439876 75.99979974 42.17439876 1 P 0
L 73.19980026 43.47440124 75.99979974 43.47440124 1 P 0
L 74.47579974 54.16319876 74.47579974 55.46320124 1 P 0
L 75.88674942 46.31453526 75.88674942 47.61453774 1 P 0
L 75.99979974 42.17439876 75.99979974 43.47440124 1 P 0
L 77.16220026 54.11239876 77.16220026 55.41240124 1 P 0
L 77.16220026 54.11239876 79.96219974 54.11239876 1 P 0
L 77.16220026 55.41240124 79.96219974 55.41240124 1 P 0
L 77.32799876 60.70300026 77.32799876 63.50299974 1 P 0
L 77.32799876 60.70300026 78.62800124 60.70300026 1 P 0
L 77.32799876 63.50299974 78.62800124 63.50299974 1 P 0
L 77.50308096 56.9099573 77.50308096 58.65995634 1 P 0
L 77.50308096 56.9099573 78.4530816 56.9099573 1 P 0
L 77.50308096 58.65995634 78.4530816 58.65995634 1 P 0
L 78.4530816 56.9099573 78.4530816 58.65995634 1 P 0
L 78.62800124 60.70300026 78.62800124 63.50299974 1 P 0
L 79.96219974 54.11239876 79.96219974 55.41240124 1 P 0
L 80.76900026 63.23099876 80.76900026 64.53100124 1 P 0
L 80.76900026 63.23099876 83.56899974 63.23099876 1 P 0
L 80.76900026 64.53100124 83.56899974 64.53100124 1 P 0
L 82.0749184 49.9249573 82.0749184 51.67495634 1 P 0
L 82.0749184 49.9249573 83.02491904 49.9249573 1 P 0
L 82.0749184 51.67495634 83.02491904 51.67495634 1 P 0
L 83.02491904 49.9249573 83.02491904 51.67495634 1 P 0
L 83.56899974 63.23099876 83.56899974 64.53100124 1 P 0
L 84.13519876 54.20060026 84.13519876 57.00059974 1 P 0
L 84.13519876 54.20060026 85.43520124 54.20060026 1 P 0
L 84.13519876 57.00059974 85.43520124 57.00059974 1 P 0
L 84.74208096 67.70504366 84.74208096 69.4550427 1 P 0
L 84.74208096 67.70504366 85.6920816 67.70504366 1 P 0
L 84.74208096 69.4550427 85.6920816 69.4550427 1 P 0
L 84.9848186 77.1267571 84.9848186 78.87675614 1 P 0
L 84.9848186 77.1267571 85.93481924 77.1267571 1 P 0
L 84.9848186 78.87675614 85.93481924 78.87675614 1 P 0
L 85.2245184 42.8637573 85.2245184 44.61375634 1 P 0
L 85.2245184 42.8637573 86.17451904 42.8637573 1 P 0
L 85.2245184 44.61375634 86.17451904 44.61375634 1 P 0
L 85.43520124 54.20060026 85.43520124 57.00059974 1 P 0
L 85.6920816 67.70504366 85.6920816 69.4550427 1 P 0
L 85.93481924 77.1267571 85.93481924 78.87675614 1 P 0
L 86.17451904 42.8637573 86.17451904 44.61375634 1 P 0
L 86.86500026 55.86499876 86.86500026 57.16500124 1 P 0
L 86.86500026 55.86499876 89.66499974 55.86499876 1 P 0
L 86.86500026 57.16500124 89.66499974 57.16500124 1 P 0
L 87.10699876 48.58720026 87.10699876 51.38719974 1 P 0
L 87.10699876 48.58720026 88.40700124 48.58720026 1 P 0
L 87.10699876 51.38719974 88.40700124 51.38719974 1 P 0
L 87.78999968 63.5 87.78999968 65.24999904 1 P 0
L 87.78999968 63.5 88.74000032 63.5 1 P 0
L 87.78999968 65.24999904 88.74000032 65.24999904 1 P 0
L 88.32626226 63.94025058 88.32626226 66.74025006 1 P 0
L 88.32626226 63.94025058 89.62626474 63.94025058 1 P 0
L 88.32626226 66.74025006 89.62626474 66.74025006 1 P 0
L 88.40700124 48.58720026 88.40700124 51.38719974 1 P 0
L 88.74000032 63.5 88.74000032 65.24999904 1 P 0
L 88.9329184 49.1121573 88.9329184 50.86215634 1 P 0
L 88.9329184 49.1121573 89.88291904 49.1121573 1 P 0
L 88.9329184 50.86215634 89.88291904 50.86215634 1 P 0
L 88.93299968 79.756 88.93299968 81.50599904 1 P 0
L 88.93299968 79.756 89.88300032 79.756 1 P 0
L 88.93299968 81.50599904 89.88300032 81.50599904 1 P 0
L 88.94780026 59.67499876 88.94780026 60.97500124 1 P 0
L 88.94780026 59.67499876 91.74779974 59.67499876 1 P 0
L 88.94780026 60.97500124 91.74779974 60.97500124 1 P 0
L 88.97320026 57.82079876 88.97320026 59.12080124 1 P 0
L 88.97320026 57.82079876 91.77319974 57.82079876 1 P 0
L 88.97320026 59.12080124 91.77319974 59.12080124 1 P 0
L 89.62626474 63.94025058 89.62626474 66.74025006 1 P 0
L 89.66499974 55.86499876 89.66499974 57.16500124 1 P 0
L 89.88291904 49.1121573 89.88291904 50.86215634 1 P 0
L 89.88300032 79.756 89.88300032 81.50599904 1 P 0
L 90.38079968 64.46780096 90.38079968 66.2178 1 P 0
L 90.38079968 64.46780096 91.33080032 64.46780096 1 P 0
L 90.38079968 66.2178 91.33080032 66.2178 1 P 0
L 91.33080032 64.46780096 91.33080032 66.2178 1 P 0
L 91.74779974 59.67499876 91.74779974 60.97500124 1 P 0
L 91.77319974 57.82079876 91.77319974 59.12080124 1 P 0
L 91.98099968 78.74 91.98099968 80.48999904 1 P 0
L 91.98099968 78.74 92.93100032 78.74 1 P 0
L 91.98099968 80.48999904 92.93100032 80.48999904 1 P 0
L 92.05999876 64.00500026 92.05999876 66.80499974 1 P 0
L 92.05999876 64.00500026 93.36000124 64.00500026 1 P 0
L 92.05999876 66.80499974 93.36000124 66.80499974 1 P 0
L 92.93100032 78.74 92.93100032 80.48999904 1 P 0
L 93.36000124 64.00500026 93.36000124 66.80499974 1 P 0
L 93.60582752 41.6699573 93.60582752 43.41995634 1 P 0
L 93.60582752 41.6699573 94.55582816 41.6699573 1 P 0
L 93.60582752 43.41995634 94.55582816 43.41995634 1 P 0
L 93.83799876 64.03040026 93.83799876 66.83039974 1 P 0
L 93.83799876 64.03040026 95.13800124 64.03040026 1 P 0
L 93.83799876 66.83039974 95.13800124 66.83039974 1 P 0
L 93.9431573 55.7351184 93.9431573 56.68511904 1 P 0
L 93.9431573 55.7351184 95.69315634 55.7351184 1 P 0
L 93.9431573 56.68511904 95.69315634 56.68511904 1 P 0
L 94.55582816 41.6699573 94.55582816 43.41995634 1 P 0
L 95.13800124 64.03040026 95.13800124 66.83039974 1 P 0
L 95.41008096 41.6699573 95.41008096 43.41995634 1 P 0
L 95.41008096 41.6699573 96.3600816 41.6699573 1 P 0
L 95.41008096 43.41995634 96.3600816 43.41995634 1 P 0
L 95.69315634 55.7351184 95.69315634 56.68511904 1 P 0
L 95.75500026 72.24799876 95.75500026 73.54800124 1 P 0
L 95.75500026 72.24799876 98.55499974 72.24799876 1 P 0
L 95.75500026 73.54800124 98.55499974 73.54800124 1 P 0
L 96.2291573 68.61308096 96.2291573 69.5630816 1 P 0
L 96.2291573 68.61308096 97.97915634 68.61308096 1 P 0
L 96.2291573 69.5630816 97.97915634 69.5630816 1 P 0
L 96.29400096 72.67699968 96.29400096 73.62700032 1 P 0
L 96.29400096 72.67699968 98.044 72.67699968 1 P 0
L 96.29400096 73.62700032 98.044 73.62700032 1 P 0
L 96.29400096 74.45499968 96.29400096 75.40500032 1 P 0
L 96.29400096 74.45499968 98.044 74.45499968 1 P 0
L 96.29400096 75.40500032 98.044 75.40500032 1 P 0
L 96.3600816 41.6699573 96.3600816 43.41995634 1 P 0
L 96.39000026 84.69399876 96.39000026 85.99400124 1 P 0
L 96.39000026 84.69399876 99.18999974 84.69399876 1 P 0
L 96.39000026 85.99400124 99.18999974 85.99400124 1 P 0
L 96.39000026 86.34499876 96.39000026 87.64500124 1 P 0
L 96.39000026 86.34499876 99.18999974 86.34499876 1 P 0
L 96.39000026 87.64500124 99.18999974 87.64500124 1 P 0
L 96.51700026 89.39299876 96.51700026 90.69300124 1 P 0
L 96.51700026 89.39299876 99.31699974 89.39299876 1 P 0
L 96.51700026 90.69300124 99.31699974 90.69300124 1 P 0
L 96.51700026 91.04399876 96.51700026 92.34400124 1 P 0
L 96.51700026 91.04399876 99.31699974 91.04399876 1 P 0
L 96.51700026 92.34400124 99.31699974 92.34400124 1 P 0
L 96.51700026 92.69499876 96.51700026 93.99500124 1 P 0
L 96.51700026 92.69499876 99.31699974 92.69499876 1 P 0
L 96.51700026 93.99500124 99.31699974 93.99500124 1 P 0
L 96.68008096 63.2599573 96.68008096 65.00995634 1 P 0
L 96.68008096 63.2599573 97.6300816 63.2599573 1 P 0
L 96.68008096 65.00995634 97.6300816 65.00995634 1 P 0
L 97.02500026 55.55074742 97.02500026 56.8507499 1 P 0
L 97.02500026 55.55074742 99.82499974 55.55074742 1 P 0
L 97.02500026 56.8507499 99.82499974 56.8507499 1 P 0
L 97.6300816 63.2599573 97.6300816 65.00995634 1 P 0
L 97.95008096 43.57504366 97.95008096 45.3250427 1 P 0
L 97.95008096 43.57504366 98.9000816 43.57504366 1 P 0
L 97.95008096 45.3250427 98.9000816 45.3250427 1 P 0
L 97.97915634 68.61308096 97.97915634 69.5630816 1 P 0
L 98.044 72.67699968 98.044 73.62700032 1 P 0
L 98.044 74.45499968 98.044 75.40500032 1 P 0
L 98.35919876 57.75660026 98.35919876 60.55659974 1 P 0
L 98.35919876 57.75660026 99.65920124 57.75660026 1 P 0
L 98.35919876 60.55659974 99.65920124 60.55659974 1 P 0
L 98.55499974 72.24799876 98.55499974 73.54800124 1 P 0
L 98.9000816 43.57504366 98.9000816 45.3250427 1 P 0
L 99.18999974 84.69399876 99.18999974 85.99400124 1 P 0
L 99.18999974 86.34499876 99.18999974 87.64500124 1 P 0
L 99.31699974 89.39299876 99.31699974 90.69300124 1 P 0
L 99.31699974 91.04399876 99.31699974 92.34400124 1 P 0
L 99.31699974 92.69499876 99.31699974 93.99500124 1 P 0
L 99.65920124 57.75660026 99.65920124 60.55659974 1 P 0
L 99.82499974 55.55074742 99.82499974 56.8507499 1 P 0
L 100.5217573 61.04388096 100.5217573 61.9938816 1 P 0
L 100.5217573 61.04388096 102.27175634 61.04388096 1 P 0
L 100.5217573 61.9938816 102.27175634 61.9938816 1 P 0
L 102.27175634 61.04388096 102.27175634 61.9938816 1 P 0
L 102.74000026 98.40999876 102.74000026 99.71000124 1 P 0
L 102.74000026 98.40999876 105.53999974 98.40999876 1 P 0
L 102.74000026 99.71000124 105.53999974 99.71000124 1 P 0
L 104.91604366 57.0559184 104.91604366 58.00591904 1 P 0
L 104.91604366 57.0559184 106.6660427 57.0559184 1 P 0
L 104.91604366 58.00591904 106.6660427 58.00591904 1 P 0
L 105.53999974 98.40999876 105.53999974 99.71000124 1 P 0
L 106.6660427 57.0559184 106.6660427 58.00591904 1 P 0
L 108.00079492 104.44017466 108.01288024 29.21 0 P 0
