UNITS=MM
#Layer_Color=16711935
#
#Feature symbol names
#
$0 r254
$1 r99.9998
$2 r199.9996
$3 r152.4

#
#Feature attribute names
#

#
#Layer features
#
A 25.9722239 29.20970282 29.21 25.9975223 29.21 29.2354 0 P 0 N
A 29.61994584 107.98872992 25.9987669 104.77611252 29.23443226 104.77611252 0 P 0 N
A 34.45599916 43.61450002 34.45599916 43.61450002 33.95600016 43.61450002 1 P 0 N
A 104.80029586 25.97222136 108.0128777 29.21 104.775 29.21 0 P 0 N
A 107.98983482 104.44017466 104.82604384 108.00631688 104.82604384 104.81982846 0 P 0 N
L 25.98414666 29.20970028 25.99999372 104.7767907 0 P 0
L 29.1084 108.0008 104.82552568 108.01288532 0 P 0
L 29.21 25.9975223 104.80029586 25.97222136 0 P 0
L 29.62009316 107.98994404 29.62117266 107.9898145 0 P 0
L 32.11599876 35.38000036 32.11599876 38.27999964 1 P 0
L 32.11599876 35.38000036 33.41600124 35.38000036 1 P 0
L 32.11599876 37.329999 33.0659994 38.27999964 1 P 0
L 32.11599876 38.27999964 33.41600124 38.27999964 1 P 0
L 33.00599952 42.66449938 33.00599952 45.26449926 1 P 0
L 33.00599952 42.66449938 37.60600048 42.66449938 1 P 0
L 33.00599952 45.26449926 37.60600048 45.26449926 1 P 0
L 33.41600124 35.38000036 33.41600124 38.27999964 1 P 0
L 34.91500002 53.7980001 34.91500002 57.7079999 1 P 0
L 34.91500002 53.7980001 43.57099998 53.7980001 1 P 0
L 34.91500002 54.43799882 35.55499874 53.7980001 1 P 0
L 34.91500002 57.7079999 43.57099998 57.7079999 1 P 0
L 36.99274034 70.993 40.513 67.47274034 3 P 0
L 36.99274034 70.993 40.513 74.51325966 3 P 0
L 37.4058307 70.5799071 37.62135732 70.36438302 3 P 0
L 37.4058307 71.4060929 37.62135732 71.62161698 3 P 0
L 37.60600048 42.66449938 37.60600048 45.26449926 1 P 0
L 37.76504258 70.22069776 37.98056666 70.00517114 3 P 0
L 37.76504258 71.76530224 37.98056666 71.98082886 3 P 0
L 37.89076496 70.09497538 37.89076496 71.89102462 3 P 0
L 38.10629158 69.87944876 38.3218182 69.66392214 3 P 0
L 38.10629158 72.10655124 38.3218182 72.32207786 3 P 0
L 38.46550092 69.52023688 38.68102754 69.3047128 3 P 0
L 38.46550092 72.46576312 38.68102754 72.6812872 3 P 0
L 38.8247128 69.16102754 39.04023688 68.94550092 3 P 0
L 38.8247128 72.82497246 39.04023688 73.04049908 3 P 0
L 39.18392214 68.8018182 39.39944876 68.58629158 3 P 0
L 39.18392214 73.1841818 39.39944876 73.39970842 3 P 0
L 39.52517114 68.46056666 39.74069776 68.24504258 3 P 0
L 39.52517114 73.52543334 39.74069776 73.74095742 3 P 0
L 39.88438302 68.10135732 40.0999071 67.8858307 3 P 0
L 39.88438302 73.88464268 40.0999071 74.1001693 3 P 0
L 40.513 67.47274034 44.03325966 70.993 3 P 0
L 40.513 74.51325966 44.03325966 70.993 3 P 0
L 40.9260929 67.8858307 41.14161698 68.10135732 3 P 0
L 40.9260929 74.1001693 41.14161698 73.88464268 3 P 0
L 41.28530224 68.24504258 41.50082886 68.46056666 3 P 0
L 41.28530224 73.74095742 41.50082886 73.52543334 3 P 0
L 41.4749996 85.6399989 41.4749996 86.94000138 1 P 0
L 41.4749996 85.6399989 44.37499888 85.6399989 1 P 0
L 41.4749996 86.52999966 42.36500036 85.6399989 1 P 0
L 41.4749996 86.94000138 44.37499888 86.94000138 1 P 0
L 41.62655124 68.58629158 41.84207786 68.8018182 3 P 0
L 41.62655124 73.39970842 41.84207786 73.1841818 3 P 0
L 41.98576312 68.94550092 42.2012872 69.16102754 3 P 0
L 41.98576312 73.04049908 42.2012872 72.82497246 3 P 0
L 42.34497246 69.3047128 42.56049908 69.52023688 3 P 0
L 42.34497246 72.6812872 42.56049908 72.46576312 3 P 0
L 42.7041818 69.66392214 42.91970842 69.87944876 3 P 0
L 42.7041818 72.32207786 42.91970842 72.10655124 3 P 0
L 43.04543334 70.00517114 43.26095742 70.22069776 3 P 0
L 43.04543334 71.98082886 43.26095742 71.76530224 3 P 0
L 43.40464268 70.36438302 43.6201693 70.5799071 3 P 0
L 43.40464268 71.62161698 43.6201693 71.4060929 3 P 0
L 43.57099998 53.7980001 43.57099998 57.7079999 1 P 0
L 44.37499888 85.6399989 44.37499888 86.94000138 1 P 0
L 44.98200046 60.85700046 44.98200046 63.85699954 1 P 0
L 44.98200046 60.85700046 47.98199954 60.85700046 1 P 0
L 44.98200046 63.85699954 47.98199954 63.85699954 1 P 0
L 47.33200084 60.85700046 47.98199954 61.50699916 1 P 0
L 47.98199954 60.85700046 47.98199954 63.85699954 1 P 0
L 54.04900036 89.77399876 54.04900036 91.07400124 1 P 0
L 54.04900036 89.77399876 56.94899964 89.77399876 1 P 0
L 54.04900036 91.07400124 56.94899964 91.07400124 1 P 0
L 54.59499876 41.73000036 54.59499876 44.62999964 1 P 0
L 54.59499876 41.73000036 55.89500124 41.73000036 1 P 0
L 54.59499876 44.62999964 55.89500124 44.62999964 1 P 0
L 54.76999968 61.11999968 54.76999968 81.12000032 1 P 0
L 54.76999968 61.11999968 74.77000032 61.11999968 1 P 0
L 54.76999968 80.61999878 55.27000122 81.12000032 1 P 0
L 54.76999968 81.12000032 74.77000032 81.12000032 1 P 0
L 55.00500048 41.73000036 55.89500124 42.62000112 1 P 0
L 55.89500124 41.73000036 55.89500124 44.62999964 1 P 0
L 56.05899888 91.07400124 56.94899964 90.18400048 1 P 0
L 56.94899964 89.77399876 56.94899964 91.07400124 1 P 0
L 72.97999882 48.34999982 72.97999882 53.25000018 1 P 0
L 72.97999882 48.34999982 76.88000118 48.34999982 1 P 0
L 72.97999882 51.98000018 74.24999882 53.25000018 1 P 0
L 72.97999882 53.25000018 76.88000118 53.25000018 1 P 0
L 74.77000032 61.11999968 74.77000032 81.12000032 1 P 0
L 76.88000118 48.34999982 76.88000118 53.25000018 1 P 0
L 79.80700066 57.44399992 79.80700066 62.44400008 2 P 0
L 79.80700066 57.44399992 83.00699934 57.44399992 2 P 0
L 79.80700066 62.44400008 83.00699934 62.44400008 2 P 0
L 83.00699934 57.44399992 83.00699934 62.44400008 2 P 0
L 84.12999938 46.02999938 84.12999938 53.03000062 1 P 0
L 84.12999938 46.02999938 91.13000062 46.02999938 1 P 0
L 84.12999938 53.03000062 91.13000062 53.03000062 1 P 0
L 86.66999938 69.52499938 86.66999938 76.52500062 1 P 0
L 86.66999938 69.52499938 93.67000062 69.52499938 1 P 0
L 86.66999938 69.92500112 87.07000112 69.52499938 1 P 0
L 86.66999938 76.52500062 93.67000062 76.52500062 1 P 0
L 90.20999992 62.53500066 90.20999992 65.73499934 0 P 0
L 90.20999992 62.53500066 95.21000008 62.53500066 0 P 0
L 90.20999992 65.73499934 95.21000008 65.73499934 0 P 0
L 90.62999908 53.03000062 91.13000062 52.52999908 1 P 0
L 91.13000062 46.02999938 91.13000062 53.03000062 1 P 0
L 93.67000062 69.52499938 93.67000062 76.52500062 1 P 0
L 94.47500028 57.60500036 94.47500028 60.50499964 1 P 0
L 94.47500028 57.60500036 96.02499972 57.60500036 1 P 0
L 94.47500028 60.50499964 96.02499972 60.50499964 1 P 0
L 95.07499908 57.60500036 96.02499972 58.555001 1 P 0
L 95.21000008 62.53500066 95.21000008 65.73499934 0 P 0
L 96.02499972 57.60500036 96.02499972 60.50499964 1 P 0
L 101.03499986 43.59500044 101.03499986 51.59499968 2 P 0
L 101.03499986 43.59500044 107.43499976 43.59500044 2 P 0
L 101.03499986 51.59499968 107.43499976 51.59499968 2 P 0
L 101.82500082 63.70999958 101.82500082 77.26000042 2 P 0
L 101.82500082 63.70999958 107.72499918 63.70999958 2 P 0
L 101.82500082 77.26000042 107.72499918 77.26000042 2 P 0
L 102.10500026 91.11000066 102.10500026 94.30999934 2 P 0
L 102.10500026 91.11000066 104.90499974 91.11000066 2 P 0
L 102.10500026 94.30999934 104.90499974 94.30999934 2 P 0
L 104.90499974 91.11000066 104.90499974 94.30999934 2 P 0
L 107.43499976 43.59500044 107.43499976 51.59499968 2 P 0
L 107.72499918 63.70999958 107.72499918 77.26000042 2 P 0
L 108.00079492 104.44017466 108.01288024 29.21 0 P 0
