UNITS=MM
#Layer_Color=32768
#
#Feature symbol names
#
$0 r254
$1 r49.9999
$2 r99.9998

#
#Feature attribute names
#

#
#Layer features
#
A 25.9722239 29.20970282 29.21 25.9975223 29.21 29.2354 0 P 0 N
A 29.61994584 107.98872992 25.9987669 104.77611252 29.23443226 104.77611252 0 P 0 N
A 104.80029586 25.97222136 108.0128777 29.21 104.775 29.21 0 P 0 N
A 107.98983482 104.44017466 104.82604384 108.00631688 104.82604384 104.81982846 0 P 0 N
L 16.3769929 42.50299856 16.3769929 49.19100144 2 P 0
L 16.3769929 42.50299856 24.25699746 42.50299856 2 P 0
L 16.3769929 49.19100144 24.25699746 49.19100144 2 P 0
L 24.25699746 40.5469979 24.25699746 42.50299856 2 P 0
L 24.25699746 40.5469979 31.70700288 40.5469979 2 P 0
L 24.25699746 49.19100144 24.25699746 51.1470021 2 P 0
L 24.25699746 51.1470021 31.70700288 51.1470021 2 P 0
L 25.98414666 29.20970028 25.99999372 104.7767907 0 P 0
L 26.40699824 42.64699878 26.40699824 44.84699946 2 P 0
L 26.40699824 42.64699878 31.70700288 42.64699878 2 P 0
L 26.40699824 44.84699946 28.85700096 44.84699946 2 P 0
L 26.40699824 46.84700054 26.40699824 49.04700122 2 P 0
L 26.40699824 46.84700054 28.85700096 46.84700054 2 P 0
L 26.40699824 49.04700122 31.70700288 49.04700122 2 P 0
L 28.42200056 91.45199896 28.42200056 92.95200104 1 P 0
L 28.42200056 91.45199896 31.52199944 91.45199896 1 P 0
L 28.42200056 92.95200104 31.52199944 92.95200104 1 P 0
L 28.59099946 67.4760017 28.59099946 70.97599978 1 P 0
L 28.59099946 67.4760017 30.59100054 67.4760017 1 P 0
L 28.59099946 70.97599978 30.59100054 70.97599978 1 P 0
L 28.85700096 44.84699946 28.85700096 46.84700054 2 P 0
L 29.091001 69.22600074 30.090999 69.22600074 1 P 0
L 29.09499896 63.72800056 29.09499896 66.82799944 1 P 0
L 29.09499896 63.72800056 30.59500104 63.72800056 1 P 0
L 29.09499896 66.82799944 30.59500104 66.82799944 1 P 0
L 29.1084 108.0008 104.82552568 108.01288532 0 P 0
L 29.21 25.9975223 104.80029586 25.97222136 0 P 0
L 29.5450006 65.278 30.1449994 65.278 1 P 0
L 29.591 68.72600174 29.591 69.72599974 1 P 0
L 29.62009316 107.98994404 29.62117266 107.9898145 0 P 0
L 29.6720006 92.202 30.2719994 92.202 1 P 0
L 29.81900056 52.71699896 29.81900056 54.21700104 1 P 0
L 29.81900056 52.71699896 32.91899944 52.71699896 1 P 0
L 29.81900056 54.21700104 32.91899944 54.21700104 1 P 0
L 29.81900056 54.49499896 29.81900056 55.99500104 1 P 0
L 29.81900056 54.49499896 32.91899944 54.49499896 1 P 0
L 29.81900056 55.99500104 32.91899944 55.99500104 1 P 0
L 29.81900056 58.05099896 29.81900056 59.55100104 1 P 0
L 29.81900056 58.05099896 32.91899944 58.05099896 1 P 0
L 29.81900056 59.55100104 32.91899944 59.55100104 1 P 0
L 29.845 64.9780006 29.845 65.5779994 1 P 0
L 29.86900046 56.27299896 29.86900046 57.77300104 1 P 0
L 29.86900046 56.27299896 32.86899954 56.27299896 1 P 0
L 29.86900046 57.77300104 32.86899954 57.77300104 1 P 0
L 29.86900046 59.82899896 29.86900046 61.32900104 1 P 0
L 29.86900046 59.82899896 32.86899954 59.82899896 1 P 0
L 29.86900046 61.32900104 32.86899954 61.32900104 1 P 0
L 29.972 91.9020006 29.972 92.5019994 1 P 0
L 30.59100054 67.4760017 30.59100054 70.97599978 1 P 0
L 30.59500104 63.72800056 30.59500104 66.82799944 1 P 0
L 30.87299896 63.72800056 30.87299896 66.82799944 1 P 0
L 30.87299896 63.72800056 32.37300104 63.72800056 1 P 0
L 30.87299896 66.82799944 32.37300104 66.82799944 1 P 0
L 30.87699946 67.4760017 30.87699946 70.97599978 1 P 0
L 30.87699946 67.4760017 32.87700054 67.4760017 1 P 0
L 30.87699946 70.97599978 32.87700054 70.97599978 1 P 0
L 30.88500046 73.54499896 30.88500046 75.04500104 1 P 0
L 30.88500046 73.54499896 33.88499954 73.54499896 1 P 0
L 30.88500046 75.04500104 33.88499954 75.04500104 1 P 0
L 30.89099994 35.08000096 30.89099994 38.57999904 1 P 0
L 30.89099994 35.08000096 34.64100006 35.08000096 1 P 0
L 30.89099994 38.57999904 34.64100006 38.57999904 1 P 0
L 30.89895014 71.76693546 30.89895014 73.26693754 1 P 0
L 30.89895014 71.76693546 33.89894922 71.76693546 1 P 0
L 30.89895014 73.26693754 33.89894922 73.26693754 1 P 0
L 31.0690006 53.467 31.6689994 53.467 1 P 0
L 31.0690006 55.245 31.6689994 55.245 1 P 0
L 31.0690006 57.023 31.6689994 57.023 1 P 0
L 31.0690006 58.801 31.6689994 58.801 1 P 0
L 31.0690006 60.579 31.6689994 60.579 1 P 0
L 31.3230006 65.278 31.9229994 65.278 1 P 0
L 31.369 53.1670006 31.369 53.7669994 1 P 0
L 31.369 54.9450006 31.369 55.5449994 1 P 0
L 31.369 56.7230006 31.369 57.3229994 1 P 0
L 31.369 58.5010006 31.369 59.1009994 1 P 0
L 31.369 60.2790006 31.369 60.8789994 1 P 0
L 31.377001 69.22600074 32.376999 69.22600074 1 P 0
L 31.52199944 91.45199896 31.52199944 92.95200104 1 P 0
L 31.623 64.9780006 31.623 65.5779994 1 P 0
L 31.70700288 40.5469979 31.70700288 42.64699878 2 P 0
L 31.70700288 49.04700122 31.70700288 51.1470021 2 P 0
L 31.877 68.72600174 31.877 69.72599974 1 P 0
L 32.0850006 74.295 32.6849994 74.295 1 P 0
L 32.09895028 72.5169365 32.69894908 72.5169365 1 P 0
L 32.37300104 63.72800056 32.37300104 66.82799944 1 P 0
L 32.385 73.9950006 32.385 74.5949994 1 P 0
L 32.39894968 72.2169371 32.39894968 72.8169359 1 P 0
L 32.7259569 77.10091768 32.7259569 78.60091976 1 P 0
L 32.7259569 77.10091768 35.82595578 77.10091768 1 P 0
L 32.7259569 78.60091976 35.82595578 78.60091976 1 P 0
L 32.75600002 41.19200042 32.75600002 46.69199958 1 P 0
L 32.75600002 41.19200042 37.85599998 41.19200042 1 P 0
L 32.75600002 46.69199958 37.85599998 46.69199958 1 P 0
L 32.80405174 75.45006246 32.80405174 76.95006454 1 P 0
L 32.80405174 75.45006246 35.80405082 75.45006246 1 P 0
L 32.80405174 76.95006454 35.80405082 76.95006454 1 P 0
L 32.86899954 56.27299896 32.86899954 57.77300104 1 P 0
L 32.86899954 59.82899896 32.86899954 61.32900104 1 P 0
L 32.87700054 67.4760017 32.87700054 70.97599978 1 P 0
L 32.90499896 91.46400046 32.90499896 94.46399954 1 P 0
L 32.90499896 91.46400046 34.40500104 91.46400046 1 P 0
L 32.90499896 94.46399954 34.40500104 94.46399954 1 P 0
L 32.91899944 52.71699896 32.91899944 54.21700104 1 P 0
L 32.91899944 54.49499896 32.91899944 55.99500104 1 P 0
L 32.91899944 58.05099896 32.91899944 59.55100104 1 P 0
L 33.3550006 92.964 33.9549994 92.964 1 P 0
L 33.655 92.6640006 33.655 93.2639994 1 P 0
L 33.88499954 73.54499896 33.88499954 75.04500104 1 P 0
L 33.89894922 71.76693546 33.89894922 73.26693754 1 P 0
L 33.97595694 77.85091872 34.57595574 77.85091872 1 P 0
L 34.00405188 76.2000635 34.60405068 76.2000635 1 P 0
L 34.13700056 49.54199896 34.13700056 51.04200104 1 P 0
L 34.13700056 49.54199896 37.23699944 49.54199896 1 P 0
L 34.13700056 51.04200104 37.23699944 51.04200104 1 P 0
L 34.27595634 77.55091932 34.27595634 78.15091812 1 P 0
L 34.30405128 75.9000641 34.30405128 76.5000629 1 P 0
L 34.40500104 91.46400046 34.40500104 94.46399954 1 P 0
L 34.55599896 87.65400046 34.55599896 90.65399954 1 P 0
L 34.55599896 87.65400046 36.05600104 87.65400046 1 P 0
L 34.55599896 90.65399954 36.05600104 90.65399954 1 P 0
L 34.55599896 94.25800046 34.55599896 97.25799954 1 P 0
L 34.55599896 94.25800046 36.05600104 94.25800046 1 P 0
L 34.55599896 97.25799954 36.05600104 97.25799954 1 P 0
L 34.6129991 52.0280011 34.6129991 59.4779989 1 P 0
L 34.6129991 52.0280011 43.8730009 52.0280011 1 P 0
L 34.6129991 59.4779989 43.8730009 59.4779989 1 P 0
L 34.64100006 35.08000096 34.64100006 38.57999904 1 P 0
L 34.65904422 65.79808024 34.65904422 67.29808232 1 P 0
L 34.65904422 65.79808024 37.7590431 65.79808024 1 P 0
L 34.65904422 67.29808232 37.7590431 67.29808232 1 P 0
L 34.68308024 71.8419569 34.68308024 74.94195578 1 P 0
L 34.68308024 71.8419569 36.18308232 71.8419569 1 P 0
L 34.68308024 74.94195578 36.18308232 74.94195578 1 P 0
L 34.70905174 60.33706246 34.70905174 61.83706454 1 P 0
L 34.70905174 60.33706246 37.70905082 60.33706246 1 P 0
L 34.70905174 61.83706454 37.70905082 61.83706454 1 P 0
L 34.70905174 62.36906246 34.70905174 63.86906454 1 P 0
L 34.70905174 62.36906246 37.70905082 62.36906246 1 P 0
L 34.70905174 63.86906454 37.70905082 63.86906454 1 P 0
L 34.806001 43.96449932 35.80600154 43.96449932 2 P 0
L 35.0060006 89.154 35.6059994 89.154 1 P 0
L 35.0060006 95.758 35.6059994 95.758 1 P 0
L 35.13308188 73.39195634 35.73308068 73.39195634 1 P 0
L 35.306 43.46450032 35.306 44.46450086 2 P 0
L 35.306 88.8540006 35.306 89.4539994 1 P 0
L 35.306 95.4580006 35.306 96.0579994 1 P 0
L 35.3870006 50.292 35.9869994 50.292 1 P 0
L 35.43308128 73.09195694 35.43308128 73.69195574 1 P 0
L 35.687 49.9920006 35.687 50.5919994 1 P 0
L 35.80405082 75.45006246 35.80405082 76.95006454 1 P 0
L 35.82595578 77.10091768 35.82595578 78.60091976 1 P 0
L 35.90904426 66.54808128 36.50904306 66.54808128 1 P 0
L 35.90905188 61.0870635 36.50905068 61.0870635 1 P 0
L 35.90905188 63.1190635 36.50905068 63.1190635 1 P 0
L 36.05600104 87.65400046 36.05600104 90.65399954 1 P 0
L 36.05600104 94.25800046 36.05600104 97.25799954 1 P 0
L 36.18308232 71.8419569 36.18308232 74.94195578 1 P 0
L 36.20699896 87.60400056 36.20699896 90.70399944 1 P 0
L 36.20699896 87.60400056 37.70700104 87.60400056 1 P 0
L 36.20699896 90.70399944 37.70700104 90.70399944 1 P 0
L 36.20904366 66.24808188 36.20904366 66.84808068 1 P 0
L 36.20905128 60.7870641 36.20905128 61.3870629 1 P 0
L 36.20905128 62.8190641 36.20905128 63.4190629 1 P 0
L 36.58791768 76.69604422 36.58791768 79.7960431 1 P 0
L 36.58791768 76.69604422 38.08791976 76.69604422 1 P 0
L 36.58791768 79.7960431 38.08791976 79.7960431 1 P 0
L 36.6570006 89.154 37.2569994 89.154 1 P 0
L 36.957 88.8540006 36.957 89.4539994 1 P 0
L 37.03791932 78.24604366 37.63791812 78.24604366 1 P 0
L 37.23699944 49.54199896 37.23699944 51.04200104 1 P 0
L 37.33791872 77.94604426 37.33791872 78.54604306 1 P 0
L 37.70700104 87.60400056 37.70700104 90.70399944 1 P 0
L 37.70905082 60.33706246 37.70905082 61.83706454 1 P 0
L 37.70905082 62.36906246 37.70905082 63.86906454 1 P 0
L 37.7590431 65.79808024 37.7590431 67.29808232 1 P 0
L 37.85599998 41.19200042 37.85599998 46.69199958 1 P 0
L 38.07400056 47.76399896 38.07400056 49.26400104 1 P 0
L 38.07400056 47.76399896 41.17399944 47.76399896 1 P 0
L 38.07400056 49.26400104 41.17399944 49.26400104 1 P 0
L 38.07400056 49.54199896 38.07400056 51.04200104 1 P 0
L 38.07400056 49.54199896 41.17399944 49.54199896 1 P 0
L 38.07400056 51.04200104 41.17399944 51.04200104 1 P 0
L 38.08791976 76.69604422 38.08791976 79.7960431 1 P 0
L 38.36591768 76.66804326 38.36591768 79.76804214 1 P 0
L 38.36591768 76.66804326 39.86591976 76.66804326 1 P 0
L 38.36591768 79.76804214 39.86591976 79.76804214 1 P 0
L 38.81591932 78.2180427 39.41591812 78.2180427 1 P 0
L 39.09000056 42.42999896 39.09000056 43.93000104 1 P 0
L 39.09000056 42.42999896 42.18999944 42.42999896 1 P 0
L 39.09000056 43.93000104 42.18999944 43.93000104 1 P 0
L 39.09000056 44.20799896 39.09000056 45.70800104 1 P 0
L 39.09000056 44.20799896 42.18999944 44.20799896 1 P 0
L 39.09000056 45.70800104 42.18999944 45.70800104 1 P 0
L 39.11591872 77.9180433 39.11591872 78.5180421 1 P 0
L 39.14000046 40.65199896 39.14000046 42.15200104 1 P 0
L 39.14000046 40.65199896 42.13999954 40.65199896 1 P 0
L 39.14000046 42.15200104 42.13999954 42.15200104 1 P 0
L 39.14000046 45.98599896 39.14000046 47.48600104 1 P 0
L 39.14000046 45.98599896 42.13999954 45.98599896 1 P 0
L 39.14000046 47.48600104 42.13999954 47.48600104 1 P 0
L 39.3240006 48.514 39.9239994 48.514 1 P 0
L 39.3240006 50.292 39.9239994 50.292 1 P 0
L 39.624 48.2140006 39.624 48.8139994 1 P 0
L 39.624 49.9920006 39.624 50.5919994 1 P 0
L 39.86591976 76.66804326 39.86591976 79.76804214 1 P 0
L 40.3400006 41.402 40.9399994 41.402 1 P 0
L 40.3400006 43.18 40.9399994 43.18 1 P 0
L 40.3400006 44.958 40.9399994 44.958 1 P 0
L 40.3400006 46.736 40.9399994 46.736 1 P 0
L 40.64 41.1020006 40.64 41.7019994 1 P 0
L 40.64 42.8800006 40.64 43.4799994 1 P 0
L 40.64 44.6580006 40.64 45.2579994 1 P 0
L 40.64 46.4360006 40.64 47.0359994 1 P 0
L 41.17399944 47.76399896 41.17399944 49.26400104 1 P 0
L 41.17399944 49.54199896 41.17399944 51.04200104 1 P 0
L 41.1750002 84.41500008 41.1750002 88.1650002 1 P 0
L 41.1750002 84.41500008 44.67499828 84.41500008 1 P 0
L 41.1750002 88.1650002 44.67499828 88.1650002 1 P 0
L 41.3749998 82.29499924 41.3749998 83.79500132 1 P 0
L 41.3749998 82.29499924 44.47499868 82.29499924 1 P 0
L 41.3749998 83.79500132 44.47499868 83.79500132 1 P 0
L 41.3749998 88.64499924 41.3749998 90.14500132 1 P 0
L 41.3749998 88.64499924 44.47499868 88.64499924 1 P 0
L 41.3749998 90.14500132 44.47499868 90.14500132 1 P 0
L 41.38995786 76.71991768 41.38995786 78.21991976 1 P 0
L 41.38995786 76.71991768 44.48995674 76.71991768 1 P 0
L 41.38995786 78.21991976 44.48995674 78.21991976 1 P 0
L 41.38995786 78.49791768 41.38995786 79.99791976 1 P 0
L 41.38995786 78.49791768 44.48995674 78.49791768 1 P 0
L 41.38995786 79.99791976 44.48995674 79.99791976 1 P 0
L 41.42600046 80.27599896 41.42600046 81.77600104 1 P 0
L 41.42600046 80.27599896 44.42599954 80.27599896 1 P 0
L 41.42600046 81.77600104 44.42599954 81.77600104 1 P 0
L 42.13999954 40.65199896 42.13999954 42.15200104 1 P 0
L 42.13999954 45.98599896 42.13999954 47.48600104 1 P 0
L 42.18999944 42.42999896 42.18999944 43.93000104 1 P 0
L 42.18999944 44.20799896 42.18999944 45.70800104 1 P 0
L 42.55699896 64.87100056 42.55699896 67.97099944 1 P 0
L 42.55699896 64.87100056 44.05700104 64.87100056 1 P 0
L 42.55699896 67.97099944 44.05700104 67.97099944 1 P 0
L 42.62499984 83.04500028 43.22499864 83.04500028 1 P 0
L 42.62499984 89.39500028 43.22499864 89.39500028 1 P 0
L 42.6260006 81.026 43.2259994 81.026 1 P 0
L 42.6399579 77.46991872 43.2399567 77.46991872 1 P 0
L 42.6399579 79.24791872 43.2399567 79.24791872 1 P 0
L 42.92499924 82.74500088 42.92499924 83.34499968 1 P 0
L 42.92499924 89.09500088 42.92499924 89.69499968 1 P 0
L 42.926 80.7260006 42.926 81.3259994 1 P 0
L 42.9399573 77.16991932 42.9399573 77.76991812 1 P 0
L 42.9399573 78.94791932 42.9399573 79.54791812 1 P 0
L 43.0070006 66.421 43.6069994 66.421 1 P 0
L 43.307 66.1210006 43.307 66.7209994 1 P 0
L 43.33200122 60.60700096 43.33200122 64.10699904 1 P 0
L 43.33200122 60.60700096 49.63199878 60.60700096 1 P 0
L 43.33200122 64.10699904 49.63199878 64.10699904 1 P 0
L 43.8730009 52.0280011 43.8730009 59.4779989 1 P 0
L 44.05700104 64.87100056 44.05700104 67.97099944 1 P 0
L 44.20799896 64.87100056 44.20799896 67.97099944 1 P 0
L 44.20799896 64.87100056 45.70800104 64.87100056 1 P 0
L 44.20799896 67.97099944 45.70800104 67.97099944 1 P 0
L 44.41004326 58.30508024 44.41004326 59.80508232 1 P 0
L 44.41004326 58.30508024 47.51004214 58.30508024 1 P 0
L 44.41004326 59.80508232 47.51004214 59.80508232 1 P 0
L 44.42599954 80.27599896 44.42599954 81.77600104 1 P 0
L 44.43804422 54.74908024 44.43804422 56.24908232 1 P 0
L 44.43804422 54.74908024 47.5380431 54.74908024 1 P 0
L 44.43804422 56.24908232 47.5380431 56.24908232 1 P 0
L 44.47499868 82.29499924 44.47499868 83.79500132 1 P 0
L 44.47499868 88.64499924 44.47499868 90.14500132 1 P 0
L 44.48795014 56.52693546 44.48795014 58.02693754 1 P 0
L 44.48795014 56.52693546 47.48794922 56.52693546 1 P 0
L 44.48795014 58.02693754 47.48794922 58.02693754 1 P 0
L 44.48995674 76.71991768 44.48995674 78.21991976 1 P 0
L 44.48995674 78.49791768 44.48995674 79.99791976 1 P 0
L 44.58899896 51.15500056 44.58899896 54.25499944 1 P 0
L 44.58899896 51.15500056 46.08900104 51.15500056 1 P 0
L 44.58899896 54.25499944 46.08900104 54.25499944 1 P 0
L 44.6580006 66.421 45.2579994 66.421 1 P 0
L 44.67499828 84.41500008 44.67499828 88.1650002 1 P 0
L 44.958 66.1210006 44.958 66.7209994 1 P 0
L 45.0390006 52.705 45.6389994 52.705 1 P 0
L 45.339 52.4050006 45.339 53.0049994 1 P 0
L 45.6600433 59.05508128 46.2600421 59.05508128 1 P 0
L 45.68795028 57.2769365 46.28794908 57.2769365 1 P 0
L 45.68804426 55.49908128 46.28804306 55.49908128 1 P 0
L 45.70800104 64.87100056 45.70800104 67.97099944 1 P 0
L 45.73199896 60.93400056 45.73199896 64.03399944 1 P 0
L 45.73199896 60.93400056 47.23200104 60.93400056 1 P 0
L 45.73199896 64.03399944 47.23200104 64.03399944 1 P 0
L 45.9600427 58.75508188 45.9600427 59.35508068 1 P 0
L 45.98794968 56.9769371 45.98794968 57.5769359 1 P 0
L 45.98804366 55.19908188 45.98804366 55.79908068 1 P 0
L 46.08900104 51.15500056 46.08900104 54.25499944 1 P 0
L 46.1820006 62.484 46.7819994 62.484 1 P 0
L 46.482 62.1840006 46.482 62.7839994 1 P 0
L 47.23200104 60.93400056 47.23200104 64.03399944 1 P 0
L 47.48794922 56.52693546 47.48794922 58.02693754 1 P 0
L 47.51004214 58.30508024 47.51004214 59.80508232 1 P 0
L 47.5380431 54.74908024 47.5380431 56.24908232 1 P 0
L 49.63199878 60.60700096 49.63199878 64.10699904 1 P 0
L 53.04499932 59.39499932 53.04499932 82.84500068 1 P 0
L 53.04499932 59.39499932 76.49500068 59.39499932 1 P 0
L 53.04499932 82.84500068 76.49500068 82.84500068 1 P 0
L 53.36999994 41.43000096 53.36999994 44.92999904 1 P 0
L 53.36999994 41.43000096 57.12000006 41.43000096 1 P 0
L 53.36999994 44.92999904 57.12000006 44.92999904 1 P 0
L 53.74900096 88.54899994 53.74900096 92.29900006 1 P 0
L 53.74900096 88.54899994 57.24899904 88.54899994 1 P 0
L 53.74900096 92.29900006 57.24899904 92.29900006 1 P 0
L 53.96295786 39.38191768 53.96295786 40.88191976 1 P 0
L 53.96295786 39.38191768 57.06295674 39.38191768 1 P 0
L 53.96295786 40.88191976 57.06295674 40.88191976 1 P 0
L 53.96295786 92.84891768 53.96295786 94.34891976 1 P 0
L 53.96295786 92.84891768 57.06295674 92.84891768 1 P 0
L 53.96295786 94.34891976 57.06295674 94.34891976 1 P 0
L 55.2129579 40.13191872 55.8129567 40.13191872 1 P 0
L 55.2129579 93.59891872 55.8129567 93.59891872 1 P 0
L 55.5129573 39.83191932 55.5129573 40.43191812 1 P 0
L 55.5129573 93.29891932 55.5129573 93.89891812 1 P 0
L 56.36200056 64.65499896 56.36200056 66.15500104 1 P 0
L 56.36200056 64.65499896 59.46199944 64.65499896 1 P 0
L 56.36200056 66.15500104 59.46199944 66.15500104 1 P 0
L 56.36200056 66.43299896 56.36200056 67.93300104 1 P 0
L 56.36200056 66.43299896 59.46199944 66.43299896 1 P 0
L 56.36200056 67.93300104 59.46199944 67.93300104 1 P 0
L 56.36200056 76.59299896 56.36200056 78.09300104 1 P 0
L 56.36200056 76.59299896 59.46199944 76.59299896 1 P 0
L 56.36200056 78.09300104 59.46199944 78.09300104 1 P 0
L 56.78099896 58.01300056 56.78099896 61.11299944 1 P 0
L 56.78099896 58.01300056 58.28100104 58.01300056 1 P 0
L 56.78099896 61.11299944 58.28100104 61.11299944 1 P 0
L 57.06295674 39.38191768 57.06295674 40.88191976 1 P 0
L 57.06295674 92.84891768 57.06295674 94.34891976 1 P 0
L 57.12000006 41.43000096 57.12000006 44.92999904 1 P 0
L 57.2310006 59.563 57.8309994 59.563 1 P 0
L 57.24899904 88.54899994 57.24899904 92.29900006 1 P 0
L 57.531 59.2630006 57.531 59.8629994 1 P 0
L 57.6120006 65.405 58.2119994 65.405 1 P 0
L 57.6120006 67.183 58.2119994 67.183 1 P 0
L 57.6120006 77.343 58.2119994 77.343 1 P 0
L 57.66999896 41.63000056 57.66999896 44.72999944 1 P 0
L 57.66999896 41.63000056 59.17000104 41.63000056 1 P 0
L 57.66999896 44.72999944 59.17000104 44.72999944 1 P 0
L 57.66999896 88.74700056 57.66999896 91.84699944 1 P 0
L 57.66999896 88.74700056 59.17000104 88.74700056 1 P 0
L 57.66999896 91.84699944 59.17000104 91.84699944 1 P 0
L 57.912 65.1050006 57.912 65.7049994 1 P 0
L 57.912 66.8830006 57.912 67.4829994 1 P 0
L 57.912 77.0430006 57.912 77.6429994 1 P 0
L 58.1200006 43.18 58.7199994 43.18 1 P 0
L 58.1200006 90.297 58.7199994 90.297 1 P 0
L 58.28100104 58.01300056 58.28100104 61.11299944 1 P 0
L 58.42 42.8800006 58.42 43.4799994 1 P 0
L 58.42 89.9970006 58.42 90.5969994 1 P 0
L 59.17000104 41.63000056 59.17000104 44.72999944 1 P 0
L 59.17000104 88.74700056 59.17000104 91.84699944 1 P 0
L 59.46199944 64.65499896 59.46199944 66.15500104 1 P 0
L 59.46199944 66.43299896 59.46199944 67.93300104 1 P 0
L 59.46199944 76.59299896 59.46199944 78.09300104 1 P 0
L 59.82899896 58.01300056 59.82899896 61.11299944 1 P 0
L 59.82899896 58.01300056 61.32900104 58.01300056 1 P 0
L 59.82899896 61.11299944 61.32900104 61.11299944 1 P 0
L 60.2790006 59.563 60.8789994 59.563 1 P 0
L 60.579 59.2630006 60.579 59.8629994 1 P 0
L 61.32900104 58.01300056 61.32900104 61.11299944 1 P 0
L 61.73399896 76.30100056 61.73399896 79.40099944 1 P 0
L 61.73399896 76.30100056 63.23400104 76.30100056 1 P 0
L 61.73399896 79.40099944 63.23400104 79.40099944 1 P 0
L 62.1840006 77.851 62.7839994 77.851 1 P 0
L 62.484 77.5510006 62.484 78.1509994 1 P 0
L 62.96600056 56.52699896 62.96600056 58.02700104 1 P 0
L 62.96600056 56.52699896 66.06599944 56.52699896 1 P 0
L 62.96600056 58.02700104 66.06599944 58.02700104 1 P 0
L 63.01600046 54.74899896 63.01600046 56.24900104 1 P 0
L 63.01600046 54.74899896 66.01599954 54.74899896 1 P 0
L 63.01600046 56.24900104 66.01599954 56.24900104 1 P 0
L 63.22000056 84.33999896 63.22000056 85.84000104 1 P 0
L 63.22000056 84.33999896 66.31999944 84.33999896 1 P 0
L 63.22000056 85.84000104 66.31999944 85.84000104 1 P 0
L 63.23400104 76.30100056 63.23400104 79.40099944 1 P 0
L 63.27000046 86.24499896 63.27000046 87.74500104 1 P 0
L 63.27000046 86.24499896 66.26999954 86.24499896 1 P 0
L 63.27000046 87.74500104 66.26999954 87.74500104 1 P 0
L 64.2160006 55.499 64.8159994 55.499 1 P 0
L 64.2160006 57.277 64.8159994 57.277 1 P 0
L 64.4700006 85.09 65.0699994 85.09 1 P 0
L 64.4700006 86.995 65.0699994 86.995 1 P 0
L 64.516 55.1990006 64.516 55.7989994 1 P 0
L 64.516 56.9770006 64.516 57.5769994 1 P 0
L 64.77 84.7900006 64.77 85.3899994 1 P 0
L 64.77 86.6950006 64.77 87.2949994 1 P 0
L 65.28999896 57.88600056 65.28999896 60.98599944 1 P 0
L 65.28999896 57.88600056 66.79000104 57.88600056 1 P 0
L 65.28999896 60.98599944 66.79000104 60.98599944 1 P 0
L 65.7400006 59.436 66.3399994 59.436 1 P 0
L 65.79799896 76.30100056 65.79799896 79.40099944 1 P 0
L 65.79799896 76.30100056 67.29800104 76.30100056 1 P 0
L 65.79799896 79.40099944 67.29800104 79.40099944 1 P 0
L 66.01599954 54.74899896 66.01599954 56.24900104 1 P 0
L 66.04 59.1360006 66.04 59.7359994 1 P 0
L 66.06599944 56.52699896 66.06599944 58.02700104 1 P 0
L 66.2480006 77.851 66.8479994 77.851 1 P 0
L 66.26999954 86.24499896 66.26999954 87.74500104 1 P 0
L 66.31999944 84.33999896 66.31999944 85.84000104 1 P 0
L 66.548 77.5510006 66.548 78.1509994 1 P 0
L 66.79000104 57.88600056 66.79000104 60.98599944 1 P 0
L 67.29800104 76.30100056 67.29800104 79.40099944 1 P 0
L 70.07800056 68.71899896 70.07800056 70.21900104 1 P 0
L 70.07800056 68.71899896 73.17799944 68.71899896 1 P 0
L 70.07800056 70.21900104 73.17799944 70.21900104 1 P 0
L 70.07800056 70.62399896 70.07800056 72.12400104 1 P 0
L 70.07800056 70.62399896 73.17799944 70.62399896 1 P 0
L 70.07800056 72.12400104 73.17799944 72.12400104 1 P 0
L 70.07800056 75.06899896 70.07800056 76.56900104 1 P 0
L 70.07800056 75.06899896 73.17799944 75.06899896 1 P 0
L 70.07800056 76.56900104 73.17799944 76.56900104 1 P 0
L 71.2050011 48.05000042 71.2050011 53.54999958 1 P 0
L 71.2050011 48.05000042 78.6549989 48.05000042 1 P 0
L 71.2050011 53.54999958 78.6549989 53.54999958 1 P 0
L 71.3280006 69.469 71.9279994 69.469 1 P 0
L 71.3280006 71.374 71.9279994 71.374 1 P 0
L 71.3280006 75.819 71.9279994 75.819 1 P 0
L 71.57580046 54.06319896 71.57580046 55.56320104 1 P 0
L 71.57580046 54.06319896 74.57579954 54.06319896 1 P 0
L 71.57580046 55.56320104 74.57579954 55.56320104 1 P 0
L 71.628 69.1690006 71.628 69.7689994 1 P 0
L 71.628 71.0740006 71.628 71.6739994 1 P 0
L 71.628 75.5190006 71.628 76.1189994 1 P 0
L 71.76699896 81.25400056 71.76699896 84.35399944 1 P 0
L 71.76699896 81.25400056 73.26700104 81.25400056 1 P 0
L 71.76699896 84.35399944 73.26700104 84.35399944 1 P 0
L 72.2170006 82.804 72.8169994 82.804 1 P 0
L 72.517 82.5040006 72.517 83.1039994 1 P 0
L 72.7758006 54.8132 73.3757994 54.8132 1 P 0
L 72.98675014 46.21453546 72.98675014 47.71453754 1 P 0
L 72.98675014 46.21453546 75.98674922 46.21453546 1 P 0
L 72.98675014 47.71453754 75.98674922 47.71453754 1 P 0
L 73.0758 54.5132006 73.0758 55.1131994 1 P 0
L 73.09980046 42.07439896 73.09980046 43.57440104 1 P 0
L 73.09980046 42.07439896 76.09979954 42.07439896 1 P 0
L 73.09980046 43.57440104 76.09979954 43.57440104 1 P 0
L 73.17799944 68.71899896 73.17799944 70.21900104 1 P 0
L 73.17799944 70.62399896 73.17799944 72.12400104 1 P 0
L 73.17799944 75.06899896 73.17799944 76.56900104 1 P 0
L 73.26700104 81.25400056 73.26700104 84.35399944 1 P 0
L 74.18675028 46.9645365 74.78674908 46.9645365 1 P 0
L 74.2998006 42.8244 74.8997994 42.8244 1 P 0
L 74.48674968 46.6645371 74.48674968 47.2645359 1 P 0
L 74.57579954 54.06319896 74.57579954 55.56320104 1 P 0
L 74.5998 42.5244006 74.5998 43.1243994 1 P 0
L 75.98674922 46.21453546 75.98674922 47.71453754 1 P 0
L 76.09979954 42.07439896 76.09979954 43.57440104 1 P 0
L 76.49500068 59.39499932 76.49500068 82.84500068 1 P 0
L 77.06220046 54.01239896 77.06220046 55.51240104 1 P 0
L 77.06220046 54.01239896 80.06219954 54.01239896 1 P 0
L 77.06220046 55.51240104 80.06219954 55.51240104 1 P 0
L 77.22799896 56.23500056 77.22799896 59.33499944 1 P 0
L 77.22799896 56.23500056 78.72800104 56.23500056 1 P 0
L 77.22799896 59.33499944 78.72800104 59.33499944 1 P 0
L 77.22799896 60.60300046 77.22799896 63.60299954 1 P 0
L 77.22799896 60.60300046 78.72800104 60.60300046 1 P 0
L 77.22799896 63.60299954 78.72800104 63.60299954 1 P 0
L 77.6780006 57.785 78.2779994 57.785 1 P 0
L 77.6780006 62.103 78.2779994 62.103 1 P 0
L 77.978 57.4850006 77.978 58.0849994 1 P 0
L 77.978 61.8030006 77.978 62.4029994 1 P 0
L 78.2622006 54.7624 78.8621994 54.7624 1 P 0
L 78.5622 54.4624006 78.5622 55.0623994 1 P 0
L 78.6549989 48.05000042 78.6549989 53.54999958 1 P 0
L 78.72800104 56.23500056 78.72800104 59.33499944 1 P 0
L 78.72800104 60.60300046 78.72800104 63.60299954 1 P 0
L 79.121 57.023 79.121 62.865 2 P 0
L 79.121 57.023 83.693 57.023 2 P 0
L 79.121 62.865 83.693 62.865 2 P 0
L 80.06219954 54.01239896 80.06219954 55.51240104 1 P 0
L 80.66900046 63.13099896 80.66900046 64.63100104 1 P 0
L 80.66900046 63.13099896 83.66899954 63.13099896 1 P 0
L 80.66900046 64.63100104 83.66899954 64.63100104 1 P 0
L 81.79999896 49.25000056 81.79999896 52.34999944 1 P 0
L 81.79999896 49.25000056 83.30000104 49.25000056 1 P 0
L 81.79999896 52.34999944 83.30000104 52.34999944 1 P 0
L 81.8690006 63.881 82.4689994 63.881 1 P 0
L 82.169 63.5810006 82.169 64.1809994 1 P 0
L 82.2500006 50.8 82.8499994 50.8 1 P 0
L 82.40499902 44.30499902 82.40499902 54.75500098 1 P 0
L 82.40499902 44.30499902 92.85500098 44.30499902 1 P 0
L 82.40499902 54.75500098 92.85500098 54.75500098 1 P 0
L 82.55 50.5000006 82.55 51.0999994 1 P 0
L 83.30000104 49.25000056 83.30000104 52.34999944 1 P 0
L 83.66899954 63.13099896 83.66899954 64.63100104 1 P 0
L 83.693 57.023 83.693 62.865 2 P 0
L 84.03519896 54.10060046 84.03519896 57.10059954 1 P 0
L 84.03519896 54.10060046 85.53520104 54.10060046 1 P 0
L 84.03519896 57.10059954 85.53520104 57.10059954 1 P 0
L 84.46699896 67.03000056 84.46699896 70.12999944 1 P 0
L 84.46699896 67.03000056 85.96700104 67.03000056 1 P 0
L 84.46699896 70.12999944 85.96700104 70.12999944 1 P 0
L 84.4852006 55.6006 85.0851994 55.6006 1 P 0
L 84.70989916 76.45180036 84.70989916 79.55179924 1 P 0
L 84.70989916 76.45180036 86.20990124 76.45180036 1 P 0
L 84.70989916 79.55179924 86.20990124 79.55179924 1 P 0
L 84.7852 55.3006006 84.7852 55.9005994 1 P 0
L 84.9170006 68.58 85.5169994 68.58 1 P 0
L 84.94959896 42.18880056 84.94959896 45.28879944 1 P 0
L 84.94959896 42.18880056 86.44960104 42.18880056 1 P 0
L 84.94959896 45.28879944 86.44960104 45.28879944 1 P 0
L 85.1599008 78.0017998 85.7598996 78.0017998 1 P 0
L 85.217 68.2800006 85.217 68.8799994 1 P 0
L 85.3996006 43.7388 85.9995994 43.7388 1 P 0
L 85.4599002 77.7018004 85.4599002 78.3017992 1 P 0
L 85.53520104 54.10060046 85.53520104 57.10059954 1 P 0
L 85.6996 43.4388006 85.6996 44.0387994 1 P 0
L 85.96700104 67.03000056 85.96700104 70.12999944 1 P 0
L 86.04499936 68.89999936 86.04499936 77.15000064 1 P 0
L 86.04499936 68.89999936 94.29500064 68.89999936 1 P 0
L 86.04499936 77.15000064 94.29500064 77.15000064 1 P 0
L 86.20990124 76.45180036 86.20990124 79.55179924 1 P 0
L 86.44960104 42.18880056 86.44960104 45.28879944 1 P 0
L 86.76500046 55.76499896 86.76500046 57.26500104 1 P 0
L 86.76500046 55.76499896 89.76499954 55.76499896 1 P 0
L 86.76500046 57.26500104 89.76499954 57.26500104 1 P 0
L 87.00699896 48.48720046 87.00699896 51.48719954 1 P 0
L 87.00699896 48.48720046 88.50700104 48.48720046 1 P 0
L 87.00699896 51.48719954 88.50700104 51.48719954 1 P 0
L 87.4570006 49.9872 88.0569994 49.9872 1 P 0
L 87.51491768 62.82504326 87.51491768 65.92504214 1 P 0
L 87.51491768 62.82504326 89.01491976 62.82504326 1 P 0
L 87.51491768 65.92504214 89.01491976 65.92504214 1 P 0
L 87.757 49.6872006 87.757 50.2871994 1 P 0
L 87.96491932 64.3750427 88.56491812 64.3750427 1 P 0
L 87.9650006 56.515 88.5649994 56.515 1 P 0
L 88.22626246 63.84025078 88.22626246 66.84024986 1 P 0
L 88.22626246 63.84025078 89.72626454 63.84025078 1 P 0
L 88.22626246 66.84024986 89.72626454 66.84024986 1 P 0
L 88.26491872 64.0750433 88.26491872 64.6750421 1 P 0
L 88.265 56.2150006 88.265 56.8149994 1 P 0
L 88.50700104 48.48720046 88.50700104 51.48719954 1 P 0
L 88.65791768 79.0809569 88.65791768 82.18095578 1 P 0
L 88.65791768 79.0809569 90.15791976 79.0809569 1 P 0
L 88.65791768 82.18095578 90.15791976 82.18095578 1 P 0
L 88.65799896 48.43720056 88.65799896 51.53719944 1 P 0
L 88.65799896 48.43720056 90.15800104 48.43720056 1 P 0
L 88.65799896 51.53719944 90.15800104 51.53719944 1 P 0
L 88.6762641 65.34025032 89.2762629 65.34025032 1 P 0
L 88.84780046 59.57499896 88.84780046 61.07500104 1 P 0
L 88.84780046 59.57499896 91.84779954 59.57499896 1 P 0
L 88.84780046 61.07500104 91.84779954 61.07500104 1 P 0
L 88.87320046 57.72079896 88.87320046 59.22080104 1 P 0
L 88.87320046 57.72079896 91.87319954 57.72079896 1 P 0
L 88.87320046 59.22080104 91.87319954 59.22080104 1 P 0
L 88.9762635 65.04025092 88.9762635 65.64024972 1 P 0
L 89.01491976 62.82504326 89.01491976 65.92504214 1 P 0
L 89.10791932 80.63095634 89.70791812 80.63095634 1 P 0
L 89.1080006 49.9872 89.7079994 49.9872 1 P 0
L 89.40791872 80.33095694 89.40791872 80.93095574 1 P 0
L 89.408 49.6872006 89.408 50.2871994 1 P 0
L 89.72626454 63.84025078 89.72626454 66.84024986 1 P 0
L 89.76499954 55.76499896 89.76499954 57.26500104 1 P 0
L 90.0478006 60.325 90.6477994 60.325 1 P 0
L 90.0732006 58.4708 90.6731994 58.4708 1 P 0
L 90.10588024 63.79284422 90.10588024 66.8928431 1 P 0
L 90.10588024 63.79284422 91.60588232 63.79284422 1 P 0
L 90.10588024 66.8928431 91.60588232 66.8928431 1 P 0
L 90.15791976 79.0809569 90.15791976 82.18095578 1 P 0
L 90.15800104 48.43720056 90.15800104 51.53719944 1 P 0
L 90.3478 60.0250006 90.3478 60.6249994 1 P 0
L 90.3732 58.1708006 90.3732 58.7707994 1 P 0
L 90.55588188 65.34284366 91.15588068 65.34284366 1 P 0
L 90.85588128 65.04284426 90.85588128 65.64284306 1 P 0
L 91.60588232 63.79284422 91.60588232 66.8928431 1 P 0
L 91.70608024 78.06504326 91.70608024 81.16504214 1 P 0
L 91.70608024 78.06504326 93.20608232 78.06504326 1 P 0
L 91.70608024 81.16504214 93.20608232 81.16504214 1 P 0
L 91.84779954 59.57499896 91.84779954 61.07500104 1 P 0
L 91.87319954 57.72079896 91.87319954 59.22080104 1 P 0
L 91.95999896 63.90500046 91.95999896 66.90499954 1 P 0
L 91.95999896 63.90500046 93.46000104 63.90500046 1 P 0
L 91.95999896 66.90499954 93.46000104 66.90499954 1 P 0
L 92.15608188 79.6150427 92.75608068 79.6150427 1 P 0
L 92.4100006 65.405 93.0099994 65.405 1 P 0
L 92.45608128 79.3150433 92.45608128 79.9150421 1 P 0
L 92.71 65.1050006 92.71 65.7049994 1 P 0
L 92.85500098 44.30499902 92.85500098 54.75500098 1 P 0
L 93.04999932 57.25500106 93.04999932 60.85499894 1 P 0
L 93.04999932 57.25500106 97.45000068 57.25500106 1 P 0
L 93.04999932 60.85499894 97.45000068 60.85499894 1 P 0
L 93.20608232 78.06504326 93.20608232 81.16504214 1 P 0
L 93.26820056 55.46019896 93.26820056 56.96020104 1 P 0
L 93.26820056 55.46019896 96.36819944 55.46019896 1 P 0
L 93.26820056 56.96020104 96.36819944 56.96020104 1 P 0
L 93.33074552 40.99500056 93.33074552 44.09499944 1 P 0
L 93.33074552 40.99500056 94.8307476 40.99500056 1 P 0
L 93.33074552 44.09499944 94.8307476 44.09499944 1 P 0
L 93.46000104 63.90500046 93.46000104 66.90499954 1 P 0
L 93.73799896 63.93040046 93.73799896 66.93039954 1 P 0
L 93.73799896 63.93040046 95.23800104 63.93040046 1 P 0
L 93.73799896 66.93039954 95.23800104 66.93039954 1 P 0
L 93.78074716 42.545 94.38074596 42.545 1 P 0
L 94.08074656 42.2450006 94.08074656 42.8449994 1 P 0
L 94.1880006 65.4304 94.7879994 65.4304 1 P 0
L 94.29500064 68.89999936 94.29500064 77.15000064 1 P 0
L 94.488 65.1304006 94.488 65.7303994 1 P 0
L 94.5182006 56.2102 95.1181994 56.2102 1 P 0
L 94.8182 55.9102006 94.8182 56.5101994 1 P 0
L 94.8307476 40.99500056 94.8307476 44.09499944 1 P 0
L 95.13499896 40.99500056 95.13499896 44.09499944 1 P 0
L 95.13499896 40.99500056 96.63500104 40.99500056 1 P 0
L 95.13499896 44.09499944 96.63500104 44.09499944 1 P 0
L 95.23800104 63.93040046 95.23800104 66.93039954 1 P 0
L 95.55420056 68.33799896 95.55420056 69.83800104 1 P 0
L 95.55420056 68.33799896 98.65419944 68.33799896 1 P 0
L 95.55420056 69.83800104 98.65419944 69.83800104 1 P 0
L 95.5850006 42.545 96.1849994 42.545 1 P 0
L 95.61904422 72.40208024 95.61904422 73.90208232 1 P 0
L 95.61904422 72.40208024 98.7190431 72.40208024 1 P 0
L 95.61904422 73.90208232 98.7190431 73.90208232 1 P 0
L 95.61904422 74.18008024 95.61904422 75.68008232 1 P 0
L 95.61904422 74.18008024 98.7190431 74.18008024 1 P 0
L 95.61904422 75.68008232 98.7190431 75.68008232 1 P 0
L 95.65500046 72.14799896 95.65500046 73.64800104 1 P 0
L 95.65500046 72.14799896 98.65499954 72.14799896 1 P 0
L 95.65500046 73.64800104 98.65499954 73.64800104 1 P 0
L 95.885 42.2450006 95.885 42.8449994 1 P 0
L 96.29000046 84.59399896 96.29000046 86.09400104 1 P 0
L 96.29000046 84.59399896 99.28999954 84.59399896 1 P 0
L 96.29000046 86.09400104 99.28999954 86.09400104 1 P 0
L 96.29000046 86.24499896 96.29000046 87.74500104 1 P 0
L 96.29000046 86.24499896 99.28999954 86.24499896 1 P 0
L 96.29000046 87.74500104 99.28999954 87.74500104 1 P 0
L 96.36819944 55.46019896 96.36819944 56.96020104 1 P 0
L 96.40499896 62.58500056 96.40499896 65.68499944 1 P 0
L 96.40499896 62.58500056 97.90500104 62.58500056 1 P 0
L 96.40499896 65.68499944 97.90500104 65.68499944 1 P 0
L 96.41700046 89.29299896 96.41700046 90.79300104 1 P 0
L 96.41700046 89.29299896 99.41699954 89.29299896 1 P 0
L 96.41700046 90.79300104 99.41699954 90.79300104 1 P 0
L 96.41700046 90.94399896 96.41700046 92.44400104 1 P 0
L 96.41700046 90.94399896 99.41699954 90.94399896 1 P 0
L 96.41700046 92.44400104 99.41699954 92.44400104 1 P 0
L 96.41700046 92.59499896 96.41700046 94.09500104 1 P 0
L 96.41700046 92.59499896 99.41699954 92.59499896 1 P 0
L 96.41700046 94.09500104 99.41699954 94.09500104 1 P 0
L 96.63500104 40.99500056 96.63500104 44.09499944 1 P 0
L 96.8042006 69.088 97.4041994 69.088 1 P 0
L 96.8550006 64.135 97.4549994 64.135 1 P 0
L 96.8550006 72.898 97.4549994 72.898 1 P 0
L 96.86904426 73.15208128 97.46904306 73.15208128 1 P 0
L 96.86904426 74.93008128 97.46904306 74.93008128 1 P 0
L 96.92500046 55.45074762 96.92500046 56.9507497 1 P 0
L 96.92500046 55.45074762 99.92499954 55.45074762 1 P 0
L 96.92500046 56.9507497 99.92499954 56.9507497 1 P 0
L 97.1042 68.7880006 97.1042 69.3879994 1 P 0
L 97.155 63.8350006 97.155 64.4349994 1 P 0
L 97.155 72.5980006 97.155 73.1979994 1 P 0
L 97.16904366 72.85208188 97.16904366 73.45208068 1 P 0
L 97.16904366 74.63008188 97.16904366 75.23008068 1 P 0
L 97.45000068 57.25500106 97.45000068 60.85499894 1 P 0
L 97.4900006 85.344 98.0899994 85.344 1 P 0
L 97.4900006 86.995 98.0899994 86.995 1 P 0
L 97.6170006 90.043 98.2169994 90.043 1 P 0
L 97.6170006 91.694 98.2169994 91.694 1 P 0
L 97.6170006 93.345 98.2169994 93.345 1 P 0
L 97.67499896 42.90000056 97.67499896 45.99999944 1 P 0
L 97.67499896 42.90000056 99.17500104 42.90000056 1 P 0
L 97.67499896 45.99999944 99.17500104 45.99999944 1 P 0
L 97.79 85.0440006 97.79 85.6439994 1 P 0
L 97.79 86.6950006 97.79 87.2949994 1 P 0
L 97.90500104 62.58500056 97.90500104 65.68499944 1 P 0
L 97.917 89.7430006 97.917 90.3429994 1 P 0
L 97.917 91.3940006 97.917 91.9939994 1 P 0
L 97.917 93.0450006 97.917 93.6449994 1 P 0
L 98.1250006 44.45 98.7249994 44.45 1 P 0
L 98.1250006 56.20074866 98.7249994 56.20074866 1 P 0
L 98.25919896 57.65660046 98.25919896 60.65659954 1 P 0
L 98.25919896 57.65660046 99.75920104 57.65660046 1 P 0
L 98.25919896 60.65659954 99.75920104 60.65659954 1 P 0
L 98.425 44.1500006 98.425 44.7499994 1 P 0
L 98.425 55.90074926 98.425 56.50074806 1 P 0
L 98.65419944 68.33799896 98.65419944 69.83800104 1 P 0
L 98.65499954 72.14799896 98.65499954 73.64800104 1 P 0
L 98.7092006 59.1566 99.3091994 59.1566 1 P 0
L 98.7190431 72.40208024 98.7190431 73.90208232 1 P 0
L 98.7190431 74.18008024 98.7190431 75.68008232 1 P 0
L 99.0092 58.8566006 99.0092 59.4565994 1 P 0
L 99.17500104 42.90000056 99.17500104 45.99999944 1 P 0
L 99.27299932 40.22199982 99.27299932 54.9680003 2 P 0
L 99.27299932 40.22199982 108.43499776 40.22199982 2 P 0
L 99.27299932 54.9680003 108.43499776 54.9680003 2 P 0
L 99.28999954 84.59399896 99.28999954 86.09400104 1 P 0
L 99.28999954 86.24499896 99.28999954 87.74500104 1 P 0
L 99.41699954 89.29299896 99.41699954 90.79300104 1 P 0
L 99.41699954 90.94399896 99.41699954 92.44400104 1 P 0
L 99.41699954 92.59499896 99.41699954 94.09500104 1 P 0
L 99.63799986 61.89700092 99.63799986 79.07299908 2 P 0
L 99.63799986 61.89700092 108.72499972 61.89700092 2 P 0
L 99.63799986 79.07299908 108.72499972 79.07299908 2 P 0
L 99.75920104 57.65660046 99.75920104 60.65659954 1 P 0
L 99.84680056 60.76879896 99.84680056 62.26880104 1 P 0
L 99.84680056 60.76879896 102.94679944 60.76879896 1 P 0
L 99.84680056 62.26880104 102.94679944 62.26880104 1 P 0
L 99.92499954 55.45074762 99.92499954 56.9507497 1 P 0
L 101.0968006 61.5188 101.6967994 61.5188 1 P 0
L 101.10499972 89.05500096 101.10499972 95.91000122 2 P 0
L 101.10499972 89.05500096 105.90500028 89.05500096 2 P 0
L 101.10499972 95.91000122 105.90500028 95.91000122 2 P 0
L 101.3968 61.2188006 101.3968 61.8187994 1 P 0
L 102.64000046 98.30999896 102.64000046 99.81000104 1 P 0
L 102.64000046 98.30999896 105.63999954 98.30999896 1 P 0
L 102.64000046 99.81000104 105.63999954 99.81000104 1 P 0
L 102.94679944 60.76879896 102.94679944 62.26880104 1 P 0
L 103.8400006 99.06 104.4399994 99.06 1 P 0
L 104.14 98.7600006 104.14 99.3599994 1 P 0
L 104.24100056 56.78099896 104.24100056 58.28100104 1 P 0
L 104.24100056 56.78099896 107.34099944 56.78099896 1 P 0
L 104.24100056 58.28100104 107.34099944 58.28100104 1 P 0
L 105.4910006 57.531 106.0909994 57.531 1 P 0
L 105.63999954 98.30999896 105.63999954 99.81000104 1 P 0
L 105.791 57.2310006 105.791 57.8309994 1 P 0
L 105.90500028 89.05500096 105.90500028 95.91000122 2 P 0
L 107.34099944 56.78099896 107.34099944 58.28100104 1 P 0
L 108.00079492 104.44017466 108.01288024 29.21 0 P 0
L 108.43499776 40.22199982 108.43499776 54.9680003 2 P 0
L 108.72499972 61.89700092 108.72499972 79.07299908 2 P 0
